(129.78, 2.29, -774.08)#(0.00000, 0.76713, 0.00000, 0.64149)#(135.04, 3.32, -775.04)#(-0.95335, -0.23225, 0.08363, -0.17375)
(129.78, 2.29, -774.08)#(0.00000, 0.76713, 0.00000, 0.64149)#(135.05, 3.32, -775.03)#(-0.95524, -0.22819, 0.08333, -0.16880)
(129.78, 2.29, -774.08)#(0.00000, 0.76713, 0.00000, 0.64149)#(135.06, 3.32, -775.02)#(-0.95678, -0.22473, 0.08311, -0.16478)
(129.78, 2.29, -774.08)#(0.00000, 0.76713, 0.00000, 0.64149)#(135.07, 3.32, -775.01)#(-0.95798, -0.22214, 0.08287, -0.16146)
(129.80, 2.29, -774.08)#(0.00000, 0.76287, 0.00000, 0.64655)#(135.08, 3.32, -775.01)#(-0.95901, -0.21952, 0.08281, -0.15894)
(130.14, 2.29, -774.16)#(0.00000, 0.76864, 0.00000, 0.63969)#(135.08, 3.32, -775.00)#(-0.95949, -0.21858, 0.08265, -0.15737)
(130.72, 2.27, -774.24)#(0.00000, 0.76478, 0.00000, 0.64429)#(135.08, 3.32, -775.00)#(-0.95970, -0.21798, 0.08267, -0.15695)
(131.37, 2.27, -774.33)#(0.00000, 0.75809, 0.00000, 0.65214)#(135.08, 3.32, -775.00)#(-0.95958, -0.21845, 0.08260, -0.15706)
(132.05, 2.25, -774.48)#(0.00000, 0.76610, 0.00000, 0.64272)#(135.08, 3.32, -775.01)#(-0.95919, -0.21906, 0.08279, -0.15849)
(132.75, 2.25, -774.61)#(0.00000, 0.79680, 0.00000, 0.60425)#(135.07, 3.32, -775.01)#(-0.95846, -0.22100, 0.08279, -0.16021)
(133.10, 2.24, -774.60)#(0.00000, 0.79407, 0.00000, 0.60783)#(135.07, 3.32, -775.01)#(-0.95742, -0.22347, 0.08291, -0.16291)
(133.13, 2.24, -774.60)#(0.00000, 0.79407, 0.00000, 0.60783)#(135.36, 3.37, -775.06)#(-0.94485, -0.28471, -0.00123, -0.16184)
(133.13, 2.24, -774.60)#(0.00000, 0.79407, 0.00000, 0.60783)#(135.83, 3.37, -775.13)#(-0.90210, -0.37782, -0.14094, -0.15366)
(133.13, 2.24, -774.60)#(0.00000, 0.79407, 0.00000, 0.60783)#(136.27, 3.34, -775.19)#(-0.84979, -0.42528, -0.26035, -0.17090)
(133.13, 2.24, -774.60)#(0.00000, 0.79407, 0.00000, 0.60783)#(136.62, 3.34, -775.23)#(-0.81980, -0.39379, -0.35292, -0.21981)
(133.39, 2.23, -774.66)#(0.00000, 0.78183, 0.00000, 0.62349)#(136.91, 3.34, -775.26)#(-0.80482, -0.29856, -0.41941, -0.29532)
(133.92, 2.24, -774.86)#(0.00000, 0.80208, 0.00000, 0.59721)#(137.16, 3.35, -775.29)#(-0.77960, -0.17600, -0.46553, -0.38017)
(134.54, 2.23, -775.09)#(0.00000, 0.81589, 0.00000, 0.57820)#(137.42, 3.34, -775.32)#(-0.73461, -0.04903, -0.49809, -0.45809)
(135.22, 2.23, -775.17)#(0.00000, 0.78777, 0.00000, 0.61597)#(137.72, 3.33, -775.35)#(-0.65561, 0.10210, -0.51993, -0.53798)
(135.91, 2.25, -775.04)#(0.00000, 0.71094, 0.00000, 0.70325)#(137.97, 3.33, -775.38)#(-0.57508, 0.22882, -0.52067, -0.58808)
(136.32, 2.23, -774.94)#(0.00000, 0.70325, 0.00000, 0.71094)#(138.22, 3.38, -775.41)#(-0.48363, 0.34846, -0.50804, -0.62175)
(136.80, 2.25, -775.01)#(0.00000, 0.72612, 0.00000, 0.68756)#(138.45, 3.39, -775.43)#(-0.38465, 0.45787, -0.48675, -0.63676)
(137.20, 2.25, -775.14)#(0.00000, 0.75440, 0.00000, 0.65642)#(138.69, 3.40, -775.45)#(-0.27796, 0.55613, -0.45480, -0.63767)
(137.21, 2.25, -775.15)#(0.00000, 0.75440, 0.00000, 0.65642)#(138.92, 3.38, -775.46)#(-0.16354, 0.63936, -0.41577, -0.62578)
(137.21, 2.25, -775.15)#(0.00000, 0.75440, 0.00000, 0.65642)#(139.16, 3.39, -775.48)#(-0.05106, 0.70993, -0.36674, -0.59907)
(137.28, 2.24, -775.15)#(0.00000, 0.76059, 0.00000, 0.64923)#(139.39, 3.41, -775.50)#(0.05989, 0.76614, -0.30697, -0.56144)
(137.71, 2.23, -775.15)#(0.00000, 0.72895, 0.00000, 0.68457)#(139.61, 3.40, -775.51)#(0.16966, 0.80549, -0.24693, -0.51130)
(138.32, 2.23, -775.15)#(0.00000, 0.71347, 0.00000, 0.70069)#(139.84, 3.40, -775.53)#(0.27660, 0.82823, -0.18277, -0.45180)
(138.68, 2.24, -775.11)#(0.00000, 0.69310, 0.00000, 0.72084)#(140.07, 3.39, -775.54)#(0.37897, 0.83410, -0.11572, -0.38376)
(138.97, 2.24, -775.04)#(0.00000, 0.66644, 0.00000, 0.74556)#(140.31, 3.38, -775.55)#(0.47525, 0.82266, -0.04664, -0.30853)
(139.14, 2.24, -774.92)#(0.00000, 0.65590, 0.00000, 0.75485)#(140.54, 3.38, -775.56)#(0.56105, 0.79477, 0.02639, -0.22994)
(139.20, 2.24, -774.88)#(0.00000, 0.65590, 0.00000, 0.75485)#(140.82, 3.39, -775.58)#(0.64690, 0.74229, 0.11446, -0.13197)
(139.23, 2.24, -774.87)#(0.00000, 0.65240, 0.00000, 0.75788)#(141.05, 3.37, -775.59)#(0.70388, 0.68572, 0.17999, -0.04412)
(139.55, 2.25, -774.97)#(0.00000, 0.75125, 0.00000, 0.66002)#(141.28, 3.37, -775.61)#(0.74833, 0.61615, 0.24174, 0.04394)
(140.13, 2.22, -775.03)#(0.00000, 0.74493, 0.00000, 0.66715)#(141.51, 3.38, -775.64)#(0.77898, 0.53542, 0.29987, 0.12882)
(140.33, 2.22, -775.03)#(0.00000, 0.73901, 0.00000, 0.67370)#(141.73, 3.44, -775.66)#(0.79613, 0.44552, 0.35186, 0.20949)
(140.57, 2.22, -775.07)#(0.00000, 0.75420, 0.00000, 0.65664)#(141.95, 3.46, -775.69)#(0.80086, 0.34645, 0.39810, 0.28303)
(140.69, 2.22, -775.06)#(0.00000, 0.75328, 0.00000, 0.65770)#(142.16, 3.45, -775.70)#(0.78875, 0.24783, 0.43698, 0.35428)
(140.76, 2.23, -775.06)#(0.00000, 0.74216, 0.00000, 0.67022)#(142.38, 3.45, -775.71)#(0.76416, 0.14500, 0.46818, 0.41933)
(141.16, 2.23, -775.03)#(0.00000, 0.70254, 0.00000, 0.71165)#(142.59, 3.46, -775.73)#(0.73065, 0.03485, 0.49004, 0.47413)
(141.45, 2.25, -775.06)#(0.00000, 0.72953, 0.00000, 0.68395)#(142.79, 3.45, -775.73)#(0.68355, -0.07455, 0.50259, 0.52403)
(141.68, 2.26, -775.06)#(0.00000, 0.73339, 0.00000, 0.67980)#(143.01, 3.44, -775.73)#(0.62701, -0.18372, 0.50657, 0.56258)
(141.91, 2.25, -775.04)#(0.00000, 0.70353, 0.00000, 0.71067)#(143.22, 3.44, -775.72)#(0.56228, -0.28798, 0.50400, 0.58897)
(142.14, 2.24, -775.00)#(0.00000, 0.68329, 0.00000, 0.73015)#(143.44, 3.43, -775.72)#(0.48820, -0.38507, 0.49508, 0.60686)
(142.38, 2.24, -774.99)#(0.00000, 0.69585, 0.00000, 0.71819)#(143.71, 3.42, -775.71)#(0.38716, -0.49515, 0.47041, 0.61939)
(142.60, 2.23, -775.02)#(0.00000, 0.73354, 0.00000, 0.67964)#(143.93, 3.41, -775.71)#(0.29821, -0.57941, 0.43861, 0.61885)
(142.80, 2.23, -775.04)#(0.00000, 0.75016, 0.00000, 0.66126)#(144.16, 3.42, -775.71)#(0.20955, -0.65230, 0.40353, 0.60643)
(143.00, 2.23, -775.06)#(0.00000, 0.75341, 0.00000, 0.65755)#(144.38, 3.41, -775.72)#(0.11486, -0.71388, 0.36426, 0.58694)
(143.24, 2.24, -775.08)#(0.00000, 0.74567, 0.00000, 0.66632)#(144.61, 3.40, -775.72)#(0.01616, -0.76370, 0.32020, 0.56033)
(143.49, 2.24, -775.08)#(0.00000, 0.73119, 0.00000, 0.68218)#(144.83, 3.40, -775.73)#(-0.08181, -0.80270, 0.26786, 0.52652)
(143.71, 2.24, -775.08)#(0.00000, 0.72388, 0.00000, 0.68993)#(145.05, 3.41, -775.74)#(-0.17697, -0.82970, 0.21158, 0.48529)
(143.88, 2.25, -775.08)#(0.00000, 0.72204, 0.00000, 0.69185)#(145.26, 3.46, -775.74)#(-0.26615, -0.84518, 0.15232, 0.43777)
(144.07, 2.24, -775.08)#(0.00000, 0.72164, 0.00000, 0.69226)#(145.47, 3.47, -775.75)#(-0.35032, -0.84915, 0.09077, 0.38469)
(144.29, 2.24, -775.08)#(0.00000, 0.72160, 0.00000, 0.69231)#(145.68, 3.48, -775.75)#(-0.42885, -0.84111, 0.02553, 0.32858)
(144.50, 2.24, -775.08)#(0.00000, 0.71877, 0.00000, 0.69525)#(145.88, 3.48, -775.74)#(-0.49970, -0.82276, -0.03892, 0.26806)
(144.71, 2.24, -775.07)#(0.00000, 0.71228, 0.00000, 0.70189)#(146.08, 3.48, -775.73)#(-0.56185, -0.79482, -0.10243, 0.20516)
(144.97, 2.24, -774.96)#(0.00000, 0.65156, 0.00000, 0.75860)#(146.28, 3.47, -775.71)#(-0.61853, -0.75572, -0.16372, 0.13967)
(145.33, 2.24, -774.67)#(0.00000, 0.53318, 0.00000, 0.84600)#(146.48, 3.47, -775.70)#(-0.66644, -0.70625, -0.22636, 0.07635)
(145.73, 2.26, -774.28)#(0.00000, 0.45855, 0.00000, 0.88867)#(146.72, 3.46, -775.67)#(-0.71019, -0.63914, -0.29516, -0.00117)
(146.11, 2.26, -774.26)#(0.00000, 0.54333, 0.00000, 0.83952)#(146.92, 3.46, -775.65)#(-0.73577, -0.57668, -0.34943, -0.06315)
(146.48, 2.24, -774.26)#(0.00000, 0.68297, 0.00000, 0.73045)#(147.13, 3.46, -775.64)#(-0.75279, -0.50905, -0.39775, -0.12636)
(146.64, 2.23, -774.26)#(0.00000, 0.75395, 0.00000, 0.65694)#(147.32, 3.47, -775.62)#(-0.76239, -0.43419, -0.44157, -0.18778)
(146.74, 2.22, -774.27)#(0.00000, 0.75987, 0.00000, 0.65007)#(147.52, 3.46, -775.61)#(-0.76254, -0.35664, -0.47912, -0.24857)
(146.95, 2.23, -774.28)#(0.00000, 0.76504, 0.00000, 0.64398)#(147.72, 3.45, -775.60)#(-0.75422, -0.27596, -0.51029, -0.30757)
(147.15, 2.23, -774.28)#(0.00000, 0.76105, 0.00000, 0.64870)#(147.92, 3.46, -775.59)#(-0.73874, -0.19108, -0.53561, -0.36176)
(147.38, 2.24, -774.26)#(0.00000, 0.73850, 0.00000, 0.67426)#(148.12, 3.46, -775.59)#(-0.71459, -0.10630, -0.55531, -0.41195)
(147.65, 2.25, -774.22)#(0.00000, 0.72059, 0.00000, 0.69336)#(148.31, 3.46, -775.58)#(-0.68312, -0.02002, -0.56737, -0.45939)
(147.92, 2.25, -774.18)#(0.00000, 0.71420, 0.00000, 0.69994)#(148.50, 3.46, -775.57)#(-0.64508, 0.06625, -0.57345, -0.50064)
(148.27, 2.24, -774.17)#(0.00000, 0.71652, 0.00000, 0.69756)#(148.70, 3.51, -775.57)#(-0.60849, 0.15000, -0.56658, -0.53501)
(148.82, 2.23, -774.24)#(0.00000, 0.73508, 0.00000, 0.67798)#(149.02, 3.52, -775.68)#(-0.63500, 0.19344, -0.44147, -0.60371)
(149.47, 2.23, -774.30)#(0.00000, 0.73903, 0.00000, 0.67367)#(149.38, 3.52, -775.79)#(-0.62826, 0.19605, -0.27762, -0.69984)
(150.15, 2.24, -774.42)#(0.00000, 0.74965, 0.00000, 0.66183)#(149.74, 3.51, -775.89)#(-0.59230, 0.18565, -0.09675, -0.77805)
(150.56, 2.24, -774.84)#(0.00000, 0.77711, 0.00000, 0.62937)#(150.07, 3.51, -776.27)#(-0.51028, 0.18449, 0.07986, -0.83619)
(150.64, 2.24, -774.98)#(0.00000, 0.77711, 0.00000, 0.62937)#(150.30, 3.52, -776.71)#(-0.36043, 0.18857, 0.15032, -0.90107)
(150.65, 2.24, -774.99)#(0.00000, 0.77711, 0.00000, 0.62937)#(150.52, 3.55, -777.12)#(-0.18426, 0.18765, 0.20973, -0.94173)
(150.65, 2.24, -774.99)#(0.00000, 0.77711, 0.00000, 0.62937)#(150.73, 3.53, -777.52)#(-0.00264, 0.18039, 0.26280, -0.94783)
(150.52, 2.23, -774.98)#(0.00000, 0.44825, 0.00000, 0.89391)#(150.95, 3.50, -777.92)#(0.17825, 0.16711, 0.30937, -0.91902)
(150.07, 2.26, -775.11)#(0.00000, 0.40011, 0.00000, -0.91647)#(151.16, 3.52, -778.32)#(0.34903, 0.14933, 0.33953, -0.86058)
(149.73, 2.24, -775.64)#(0.00000, 0.82639, 0.00000, -0.56309)#(151.37, 3.55, -778.71)#(0.50452, 0.12554, 0.35940, -0.77494)
(149.57, 2.22, -776.30)#(0.00000, 0.95959, 0.00000, -0.28141)#(151.58, 3.58, -779.09)#(0.64160, 0.09733, 0.36819, -0.66582)
(149.56, 2.23, -777.01)#(0.00000, 0.99517, 0.00000, -0.09813)#(151.78, 3.60, -779.47)#(0.75714, 0.06913, 0.36397, -0.53804)
(149.56, 2.24, -777.72)#(0.00000, 0.99954, 0.00000, -0.03032)#(151.98, 3.52, -779.84)#(0.84906, 0.03889, 0.34876, -0.39490)
(149.55, 2.25, -778.44)#(0.00000, 0.99993, 0.00000, -0.01209)#(152.17, 3.37, -780.23)#(0.91519, 0.00224, 0.32840, -0.23363)
(149.67, 2.10, -779.13)#(0.00000, 0.99931, 0.00000, 0.03716)#(152.35, 3.42, -780.59)#(0.95110, -0.01771, 0.29905, -0.07521)
(149.94, 2.01, -779.78)#(0.00000, 0.99203, 0.00000, 0.12599)#(152.52, 3.44, -780.96)#(0.96097, -0.03813, 0.26147, 0.08195)
(150.27, 2.03, -780.41)#(0.00000, 0.97913, 0.00000, 0.20325)#(152.68, 3.45, -781.33)#(0.94538, -0.05738, 0.21737, 0.23604)
(150.60, 2.02, -781.03)#(0.00000, 0.97265, 0.00000, 0.23227)#(152.87, 3.42, -781.77)#(0.89384, -0.07800, 0.15774, 0.41242)
(150.94, 2.12, -781.65)#(0.00000, 0.97047, 0.00000, 0.24122)#(153.03, 3.41, -782.14)#(0.82377, -0.09090, 0.10502, 0.54965)
(151.28, 2.13, -782.28)#(0.00000, 0.96984, 0.00000, 0.24374)#(153.18, 3.41, -782.51)#(0.73495, -0.09798, 0.05342, 0.66887)
(151.62, 1.98, -782.89)#(0.00000, 0.96848, 0.00000, 0.24909)#(153.33, 3.45, -782.87)#(0.63218, -0.10205, 0.00182, 0.76807)
(151.88, 2.11, -783.45)#(0.00000, 0.96808, 0.00000, 0.25063)#(153.48, 3.44, -783.22)#(0.51661, -0.10478, -0.05107, 0.84825)
(152.03, 2.77, -783.82)#(0.00000, 0.96738, 0.00000, 0.25331)#(153.62, 3.35, -783.58)#(0.39079, -0.10614, -0.10406, 0.90840)
(152.24, 3.28, -784.09)#(0.00000, 0.95262, 0.00000, 0.30416)#(153.76, 3.22, -783.94)#(0.24683, -0.11201, -0.15700, 0.94967)
(152.64, 3.63, -784.49)#(0.00000, 0.93489, 0.00000, 0.35493)#(153.88, 3.08, -784.31)#(0.07802, -0.12007, -0.19576, 0.97014)
(152.99, 4.03, -785.04)#(0.00000, 0.94325, 0.00000, 0.33207)#(153.99, 2.83, -784.68)#(-0.09232, -0.12445, -0.22839, 0.96116)
(153.09, 4.07, -785.71)#(0.00000, 0.98149, 0.00000, 0.19150)#(154.12, 2.82, -785.03)#(-0.23532, -0.12204, -0.24911, 0.93149)
(153.05, 3.96, -786.42)#(0.00000, 0.99862, 0.00000, 0.05255)#(154.25, 2.90, -785.37)#(-0.36185, -0.11548, -0.26372, 0.88667)
(152.86, 3.70, -787.10)#(0.00000, 0.99840, 0.00000, -0.05654)#(154.38, 2.97, -785.68)#(-0.47549, -0.10451, -0.27586, 0.82879)
(152.30, 3.28, -787.37)#(0.00000, 0.95128, 0.00000, -0.30831)#(154.51, 3.01, -785.98)#(-0.57682, -0.08940, -0.28591, 0.75996)
(152.08, 2.70, -787.31)#(0.00000, 0.95476, 0.00000, -0.29737)#(154.65, 2.99, -786.29)#(-0.66766, -0.06939, -0.29565, 0.67971)
(152.67, 1.96, -787.14)#(0.00000, 0.89666, 0.00000, 0.44272)#(154.82, 2.94, -786.65)#(-0.76246, -0.04095, -0.30512, 0.56911)
(153.27, 1.07, -787.13)#(0.00000, 0.74365, 0.00000, 0.66857)#(154.97, 3.02, -786.92)#(-0.82476, -0.01629, -0.30848, 0.47366)
(153.46, 0.47, -787.26)#(0.00000, 0.79553, 0.00000, 0.60591)#(155.12, 3.03, -787.19)#(-0.87584, 0.00723, -0.30763, 0.37177)
(153.50, 0.46, -787.36)#(0.00000, 0.86998, 0.00000, 0.49308)#(155.25, 2.98, -787.46)#(-0.91509, 0.03188, -0.30390, 0.26315)
(153.61, 0.46, -787.61)#(0.00000, 0.92784, 0.00000, 0.37298)#(155.37, 2.93, -787.74)#(-0.94295, 0.04831, -0.29730, 0.14186)
(153.75, 0.70, -788.12)#(0.00000, 0.97224, 0.00000, 0.23399)#(155.46, 2.88, -788.04)#(-0.95671, 0.05257, -0.28593, 0.01358)
(153.87, 1.33, -788.75)#(0.00000, 0.99043, 0.00000, 0.13799)#(155.53, 2.79, -788.34)#(-0.95371, 0.05062, -0.27144, -0.11914)
(154.16, 1.82, -789.31)#(0.00000, 0.98232, 0.00000, 0.18719)#(155.63, 2.67, -788.64)#(-0.93042, 0.05603, -0.25896, -0.25321)
(154.63, 2.15, -789.76)#(0.00000, 0.95287, 0.00000, 0.30339)#(156.02, 2.81, -788.89)#(-0.87457, 0.13215, -0.28662, -0.36813)
(155.32, 2.33, -789.93)#(0.00000, 0.87051, 0.00000, 0.49215)#(156.61, 2.99, -789.01)#(-0.80459, 0.20025, -0.29331, -0.47593)
(156.02, 2.31, -789.91)#(0.00000, 0.76754, 0.00000, 0.64100)#(157.32, 3.12, -789.04)#(-0.73042, 0.31332, -0.26039, -0.54819)
(156.74, 2.03, -789.85)#(0.00000, 0.70558, 0.00000, 0.70863)#(158.10, 3.15, -789.02)#(-0.65336, 0.39759, -0.22422, -0.60396)
(157.01, 1.59, -789.83)#(0.00000, 0.67936, 0.00000, 0.73381)#(159.03, 3.07, -788.99)#(-0.54659, 0.48895, -0.17597, -0.65666)
(157.15, 1.31, -789.71)#(0.00000, 0.66613, 0.00000, 0.74584)#(159.76, 2.97, -788.97)#(-0.44389, 0.56396, -0.11235, -0.68724)
(157.13, 1.31, -789.67)#(0.00000, 0.40506, 0.00000, 0.91429)#(160.34, 3.11, -788.95)#(-0.32124, 0.64197, 0.03383, -0.69537)
(157.12, 1.31, -789.63)#(0.00000, 0.26614, 0.00000, 0.96394)#(160.92, 3.14, -788.94)#(-0.18590, 0.69241, 0.17898, -0.67378)
(157.11, 1.31, -789.62)#(0.00000, 0.31541, 0.00000, 0.94896)#(161.50, 3.07, -788.93)#(-0.04340, 0.71346, 0.31589, -0.62395)
(157.11, 1.31, -789.62)#(0.00000, 0.41433, 0.00000, 0.91013)#(162.07, 3.14, -788.92)#(0.08934, 0.70706, 0.42692, -0.55662)
(157.12, 1.31, -789.63)#(0.00000, 0.54722, 0.00000, 0.83699)#(162.63, 3.11, -788.92)#(0.21821, 0.67652, 0.52262, -0.47071)
(157.13, 1.31, -789.66)#(0.00000, 0.72091, 0.00000, 0.69303)#(163.20, 2.98, -788.91)#(0.33906, 0.62326, 0.60017, -0.36929)
(157.25, 1.73, -789.72)#(0.00000, 0.79845, 0.00000, 0.60206)#(163.59, 3.21, -788.96)#(0.43652, 0.56965, 0.64885, -0.25287)
(157.70, 2.39, -789.87)#(0.00000, 0.81016, 0.00000, 0.58620)#(163.95, 3.37, -789.03)#(0.52032, 0.50494, 0.67699, -0.12641)
(158.30, 2.90, -790.07)#(0.00000, 0.81041, 0.00000, 0.58586)#(164.30, 3.44, -789.09)#(0.58925, 0.42652, 0.68619, 0.00294)
(158.94, 3.25, -790.28)#(0.00000, 0.81003, 0.00000, 0.58639)#(164.68, 3.51, -789.17)#(0.63730, 0.36604, 0.66854, 0.11365)
(159.63, 3.44, -790.42)#(0.00000, 0.79478, 0.00000, 0.60690)#(165.03, 3.58, -789.27)#(0.67111, 0.30857, 0.63888, 0.21499)
(160.33, 3.49, -790.52)#(0.00000, 0.76919, 0.00000, 0.63902)#(165.37, 3.66, -789.38)#(0.69287, 0.25146, 0.60093, 0.30915)
(161.03, 3.38, -790.62)#(0.00000, 0.76138, 0.00000, 0.64831)#(165.71, 3.67, -789.48)#(0.70446, 0.19493, 0.55720, 0.39403)
(161.73, 3.12, -790.58)#(0.00000, 0.72613, 0.00000, 0.68756)#(166.04, 3.69, -789.58)#(0.70689, 0.13787, 0.50761, 0.47290)
(162.29, 2.70, -790.51)#(0.00000, 0.71026, 0.00000, 0.70394)#(166.42, 3.71, -789.70)#(0.69849, 0.07011, 0.44237, 0.55813)
(162.49, 2.12, -790.49)#(0.00000, 0.71026, 0.00000, 0.70394)#(166.74, 3.71, -789.81)#(0.68273, 0.01309, 0.38257, 0.62238)
(162.72, 1.48, -790.41)#(0.00000, 0.63718, 0.00000, 0.77072)#(167.07, 3.69, -789.90)#(0.66197, -0.04583, 0.31795, 0.67720)
(163.16, 1.47, -790.10)#(0.00000, 0.54904, 0.00000, 0.83579)#(167.39, 3.69, -789.98)#(0.63728, -0.10522, 0.25040, 0.72118)
(163.47, 1.55, -789.54)#(0.00000, 0.37722, 0.00000, 0.92612)#(167.71, 3.69, -790.05)#(0.60807, -0.16345, 0.18057, 0.75560)
(163.92, 1.49, -789.03)#(0.00000, 0.33007, 0.00000, 0.94396)#(168.02, 3.70, -790.11)#(0.57510, -0.21953, 0.10978, 0.78039)
(164.14, 1.59, -788.86)#(0.00000, 0.39618, 0.00000, 0.91817)#(168.34, 3.70, -790.16)#(0.53789, -0.27322, 0.03817, 0.79660)
(164.14, 1.59, -788.86)#(0.00000, 0.45865, 0.00000, 0.88862)#(168.65, 3.67, -790.22)#(0.49537, -0.32429, -0.03386, 0.80517)
(164.16, 1.59, -788.88)#(0.00000, 0.56099, 0.00000, 0.82782)#(168.97, 3.68, -790.27)#(0.44841, -0.37172, -0.10468, 0.80610)
(164.36, 2.18, -788.85)#(0.00000, 0.61905, 0.00000, 0.78535)#(169.28, 3.67, -790.33)#(0.39771, -0.41541, -0.17454, 0.79924)
(164.89, 2.81, -788.78)#(0.00000, 0.64336, 0.00000, 0.76557)#(169.59, 3.67, -790.38)#(0.34419, -0.45472, -0.24218, 0.78493)
(165.54, 3.28, -788.76)#(0.00000, 0.67615, 0.00000, 0.73676)#(169.89, 3.68, -790.43)#(0.28867, -0.48930, -0.30628, 0.76384)
(166.23, 3.59, -788.75)#(0.00000, 0.69411, 0.00000, 0.71987)#(170.13, 3.78, -790.48)#(0.23547, -0.51749, -0.35810, 0.74062)
(166.95, 3.74, -788.76)#(0.00000, 0.70333, 0.00000, 0.71086)#(170.40, 3.85, -790.55)#(0.17370, -0.54501, -0.41000, 0.71042)
(167.65, 3.74, -788.74)#(0.00000, 0.70473, 0.00000, 0.70947)#(170.63, 3.87, -790.61)#(0.12271, -0.56432, -0.44690, 0.68320)
(168.31, 3.59, -788.53)#(0.00000, 0.65243, 0.00000, 0.75785)#(170.84, 3.89, -790.68)#(0.07215, -0.58098, -0.47885, 0.65419)
(168.83, 3.27, -788.04)#(0.00000, 0.50852, 0.00000, 0.86105)#(171.05, 3.88, -790.75)#(0.02101, -0.59542, -0.50728, 0.62265)
(169.38, 2.80, -787.59)#(0.00000, 0.43433, 0.00000, 0.90076)#(171.25, 3.93, -790.82)#(-0.02956, -0.60731, -0.53224, 0.58909)
(170.06, 2.30, -787.39)#(0.00000, 0.51886, 0.00000, 0.85486)#(171.46, 3.93, -790.89)#(-0.07906, -0.61644, -0.55426, 0.55366)
(170.77, 2.24, -787.41)#(0.00000, 0.64149, 0.00000, 0.76713)#(171.66, 3.93, -790.97)#(-0.12827, -0.62311, -0.57362, 0.51598)
(171.47, 2.24, -787.56)#(0.00000, 0.73317, 0.00000, 0.68005)#(171.87, 3.93, -791.04)#(-0.17656, -0.62735, -0.59007, 0.47652)
(172.16, 2.22, -787.74)#(0.00000, 0.77323, 0.00000, 0.63412)#(172.07, 3.93, -791.12)#(-0.22384, -0.62901, -0.60392, 0.43534)
(172.83, 2.23, -787.96)#(0.00000, 0.79372, 0.00000, 0.60829)#(172.27, 3.94, -791.19)#(-0.26939, -0.62781, -0.61546, 0.39307)
(173.43, 2.27, -788.36)#(0.00000, 0.84625, 0.00000, 0.53278)#(172.47, 3.93, -791.26)#(-0.31389, -0.62402, -0.62461, 0.34919)
(173.91, 2.23, -788.86)#(0.00000, 0.89465, 0.00000, 0.44677)#(172.67, 3.92, -791.33)#(-0.35751, -0.61756, -0.63142, 0.30351)
(174.26, 2.54, -789.48)#(0.00000, 0.94355, 0.00000, 0.33123)#(172.91, 3.92, -791.42)#(-0.40816, -0.60664, -0.63598, 0.24681)
(174.48, 3.21, -790.11)#(0.00000, 0.97518, 0.00000, 0.22140)#(173.11, 3.92, -791.49)#(-0.44831, -0.59481, -0.63696, 0.19874)
(174.54, 3.73, -790.60)#(0.00000, 0.99132, 0.00000, 0.13150)#(173.11, 4.05, -791.83)#(-0.47811, -0.65754, -0.55044, 0.18990)
(174.35, 4.10, -791.03)#(0.00000, 0.99539, 0.00000, 0.09587)#(172.90, 4.09, -792.32)#(-0.48005, -0.72855, -0.46065, 0.16298)
(174.34, 4.32, -791.06)#(0.00000, 0.99539, 0.00000, 0.09587)#(172.69, 4.03, -792.81)#(-0.47452, -0.78930, -0.36634, 0.13276)
(174.33, 4.38, -791.07)#(0.00000, 0.99539, 0.00000, 0.09587)#(172.48, 3.92, -793.29)#(-0.45959, -0.84247, -0.26282, 0.09972)
(174.32, 4.28, -791.05)#(0.00000, 0.99929, 0.00000, -0.03772)#(172.29, 3.97, -793.74)#(-0.42382, -0.89323, -0.13716, 0.06084)
(173.98, 4.03, -790.89)#(0.00000, 0.78663, 0.00000, -0.61743)#(172.10, 4.00, -794.19)#(-0.37902, -0.92504, -0.01252, 0.02222)
(173.39, 3.63, -790.80)#(0.00000, 0.67120, 0.00000, -0.74127)#(171.91, 4.00, -794.62)#(-0.32611, -0.93866, 0.11095, -0.01649)
(172.74, 3.08, -790.79)#(0.00000, 0.67641, 0.00000, -0.73653)#(171.72, 3.99, -795.06)#(-0.26695, -0.93405, 0.23082, -0.05493)
(172.05, 2.36, -790.89)#(0.00000, 0.72458, 0.00000, -0.68920)#(171.52, 3.98, -795.49)#(-0.20198, -0.91148, 0.34617, -0.09256)
(171.40, 2.23, -791.16)#(0.00000, 0.78384, 0.00000, -0.62096)#(171.32, 3.92, -795.93)#(-0.13226, -0.87083, 0.45552, -0.12906)
(170.81, 2.19, -791.56)#(0.00000, 0.85308, 0.00000, -0.52177)#(171.10, 3.91, -796.35)#(-0.05567, -0.81382, 0.55420, -0.16570)
(170.22, 1.98, -791.96)#(0.00000, 0.87482, 0.00000, -0.48445)#(170.88, 3.87, -796.77)#(0.02533, -0.74186, 0.63887, -0.20212)
(169.64, 2.02, -792.37)#(0.00000, 0.88286, 0.00000, -0.46964)#(170.60, 3.85, -797.28)#(0.11698, -0.64027, 0.72090, -0.23807)
(169.13, 2.06, -792.87)#(0.00000, 0.90643, 0.00000, -0.42236)#(170.38, 3.85, -797.70)#(0.19096, -0.54283, 0.77416, -0.26371)
(168.63, 1.90, -793.39)#(0.00000, 0.91910, 0.00000, -0.39402)#(170.15, 3.82, -798.12)#(0.26201, -0.43475, 0.81282, -0.28577)
(168.15, 1.59, -793.92)#(0.00000, 0.92760, 0.00000, -0.37359)#(169.90, 3.80, -798.52)#(0.32969, -0.31595, 0.83538, -0.30597)
(167.75, 1.37, -794.51)#(0.00000, 0.94482, 0.00000, -0.32760)#(169.64, 3.73, -798.93)#(0.39179, -0.18992, 0.83943, -0.32526)
(167.36, 1.32, -795.10)#(0.00000, 0.95311, 0.00000, -0.30262)#(169.37, 3.61, -799.32)#(0.44614, -0.05618, 0.82535, -0.34147)
(166.96, 1.37, -795.69)#(0.00000, 0.95577, 0.00000, -0.29410)#(169.11, 3.40, -799.72)#(0.49072, 0.07942, 0.79360, -0.35084)
(166.56, 1.37, -796.28)#(0.00000, 0.95648, 0.00000, -0.29180)#(168.83, 3.25, -800.10)#(0.52292, 0.20857, 0.74563, -0.35650)
(166.16, 1.43, -796.86)#(0.00000, 0.95550, 0.00000, -0.29499)#(168.52, 3.27, -800.48)#(0.54214, 0.32470, 0.68532, -0.36193)
(165.74, 1.55, -797.44)#(0.00000, 0.95367, 0.00000, -0.30087)#(168.21, 3.23, -800.86)#(0.55186, 0.43507, 0.61314, -0.36087)
(165.50, 1.49, -798.10)#(0.00000, 0.96946, 0.00000, -0.24524)#(167.92, 3.32, -801.22)#(0.55083, 0.53563, 0.53260, -0.35500)
(165.44, 1.33, -798.80)#(0.00000, 0.99224, 0.00000, -0.12434)#(167.63, 3.41, -801.57)#(0.54014, 0.62466, 0.44607, -0.34507)
(165.37, 1.48, -799.50)#(0.00000, 0.99802, 0.00000, -0.06283)#(167.33, 3.40, -801.92)#(0.52150, 0.70248, 0.35426, -0.33026)
(165.07, 1.42, -800.15)#(0.00000, 0.99069, 0.00000, -0.13615)#(166.98, 3.26, -802.34)#(0.48823, 0.78245, 0.23659, -0.30566)
(164.69, 1.43, -800.75)#(0.00000, 0.97327, 0.00000, -0.22966)#(166.69, 3.37, -802.65)#(0.44892, 0.83566, 0.14112, -0.28326)
(164.34, 1.46, -801.37)#(0.00000, 0.96556, 0.00000, -0.26019)#(166.41, 3.45, -802.95)#(0.40275, 0.87656, 0.04802, -0.25909)
(164.25, 1.49, -802.04)#(0.00000, 0.98960, 0.00000, -0.14386)#(166.11, 3.50, -803.23)#(0.35228, 0.90535, -0.04291, -0.23324)
(163.93, 1.36, -802.48)#(0.00000, 0.98301, 0.00000, -0.18356)#(165.82, 3.44, -803.52)#(0.29711, 0.92315, -0.13290, -0.20459)
(163.72, 1.39, -802.72)#(0.00000, 0.98301, 0.00000, -0.18356)#(165.53, 3.33, -803.82)#(0.24281, 0.92741, -0.22651, -0.17219)
(163.65, 1.40, -802.81)#(0.00000, 0.98301, 0.00000, -0.18356)#(165.33, 3.27, -804.14)#(0.21205, 0.90615, -0.33192, -0.15412)
(163.62, 1.41, -802.85)#(0.00000, 0.98301, 0.00000, -0.18356)#(165.14, 3.30, -804.48)#(0.17033, 0.88047, -0.42119, -0.13551)
(163.62, 1.41, -802.86)#(0.00000, 0.98301, 0.00000, -0.18356)#(164.94, 3.35, -804.76)#(0.12129, 0.84801, -0.50625, -0.09936)
(163.57, 1.42, -802.87)#(0.00000, 0.96060, 0.00000, -0.27794)#(164.73, 3.39, -804.99)#(0.06276, 0.81019, -0.58058, -0.05083)
(163.19, 1.49, -803.05)#(0.00000, 0.88950, 0.00000, -0.45693)#(164.49, 3.37, -805.20)#(-0.00186, 0.76661, -0.64210, 0.00212)
(162.64, 1.51, -803.31)#(0.00000, 0.85676, 0.00000, -0.51571)#(164.23, 3.34, -805.38)#(-0.07356, 0.71988, -0.68735, 0.06250)
(162.03, 1.43, -803.60)#(0.00000, 0.85104, 0.00000, -0.52511)#(163.91, 3.31, -805.60)#(-0.14853, 0.66119, -0.72390, 0.12937)
(161.53, 1.43, -803.71)#(0.00000, 0.84776, 0.00000, -0.53037)#(163.63, 3.41, -805.70)#(-0.19547, 0.61344, -0.74122, 0.18995)
(161.33, 1.50, -803.74)#(0.00000, 0.84776, 0.00000, -0.53037)#(163.36, 3.43, -805.80)#(-0.24015, 0.57028, -0.74414, 0.25174)
(161.26, 1.52, -803.75)#(0.00000, 0.84776, 0.00000, -0.53037)#(163.07, 3.45, -805.90)#(-0.27702, 0.52964, -0.74104, 0.30594)
(161.24, 1.53, -803.75)#(0.00000, 0.84776, 0.00000, -0.53037)#(162.78, 3.43, -805.99)#(-0.31197, 0.48698, -0.73259, 0.35892)
(161.23, 1.53, -803.75)#(0.00000, 0.84776, 0.00000, -0.53037)#(162.50, 3.42, -806.09)#(-0.34669, 0.43967, -0.72053, 0.40906)
(161.23, 1.53, -803.75)#(0.00000, 0.84776, 0.00000, -0.53037)#(162.23, 3.44, -806.20)#(-0.38072, 0.38742, -0.70663, 0.45346)
(161.23, 1.53, -803.75)#(0.00000, 0.84776, 0.00000, -0.53037)#(161.96, 3.43, -806.32)#(-0.41215, 0.33292, -0.68977, 0.49347)
(161.13, 1.56, -803.88)#(0.00000, 0.87061, 0.00000, -0.49198)#(161.70, 3.42, -806.45)#(-0.44168, 0.27624, -0.67040, 0.52837)
(160.72, 1.55, -804.19)#(0.00000, 0.89297, 0.00000, -0.45011)#(161.46, 3.46, -806.57)#(-0.46754, 0.22050, -0.65017, 0.55684)
(160.13, 1.40, -804.35)#(0.00000, 0.86415, 0.00000, -0.50323)#(161.23, 3.49, -806.69)#(-0.49040, 0.16505, -0.62777, 0.58153)
(159.83, 1.34, -804.40)#(0.00000, 0.86415, 0.00000, -0.50323)#(161.00, 3.49, -806.82)#(-0.51075, 0.10943, -0.60302, 0.60293)
(159.72, 1.35, -804.42)#(0.00000, 0.86415, 0.00000, -0.50323)#(160.72, 3.48, -806.97)#(-0.53246, 0.04200, -0.56998, 0.62437)
(159.68, 1.36, -804.43)#(0.00000, 0.86415, 0.00000, -0.50323)#(160.49, 3.48, -807.11)#(-0.54862, -0.01532, -0.53897, 0.63898)
(159.64, 1.36, -804.44)#(0.00000, 0.84815, 0.00000, -0.52976)#(160.26, 3.45, -807.26)#(-0.56263, -0.07259, -0.50470, 0.65074)
(159.27, 1.54, -804.56)#(0.00000, 0.81099, 0.00000, -0.58507)#(160.02, 3.47, -807.37)#(-0.57151, -0.12601, -0.46922, 0.66131)
(158.76, 1.67, -804.85)#(0.00000, 0.84010, 0.00000, -0.54244)#(159.78, 3.47, -807.48)#(-0.57564, -0.17785, -0.43160, 0.67136)
(158.12, 1.62, -805.05)#(0.00000, 0.83025, 0.00000, -0.55739)#(159.54, 3.47, -807.56)#(-0.57008, -0.23056, -0.39190, 0.68430)
(157.75, 1.58, -805.29)#(0.00000, 0.82902, 0.00000, -0.55922)#(159.30, 3.45, -807.59)#(-0.55279, -0.28163, -0.35131, 0.70120)
(157.62, 1.57, -805.37)#(0.00000, 0.82902, 0.00000, -0.55922)#(159.06, 3.46, -807.60)#(-0.53292, -0.32555, -0.31477, 0.71480)
(157.57, 1.57, -805.40)#(0.00000, 0.82902, 0.00000, -0.55922)#(158.85, 3.53, -807.61)#(-0.51493, -0.36524, -0.28054, 0.72301)
(157.55, 1.57, -805.41)#(0.00000, 0.82902, 0.00000, -0.55922)#(158.67, 3.58, -807.62)#(-0.49807, -0.40163, -0.24867, 0.72717)
(157.55, 1.57, -805.41)#(0.00000, 0.82902, 0.00000, -0.55922)#(158.50, 3.62, -807.64)#(-0.48241, -0.43510, -0.21887, 0.72806)
(157.55, 1.57, -805.41)#(0.00000, 0.82902, 0.00000, -0.55922)#(158.31, 3.66, -807.68)#(-0.46587, -0.47163, -0.18591, 0.72524)
(157.55, 1.57, -805.41)#(0.00000, 0.82902, 0.00000, -0.55922)#(158.17, 3.67, -807.71)#(-0.45317, -0.49997, -0.15983, 0.72050)
(157.55, 1.57, -805.41)#(0.00000, 0.82902, 0.00000, -0.55922)#(158.03, 3.68, -807.75)#(-0.44172, -0.52683, -0.13412, 0.71368)
(157.54, 1.57, -805.41)#(0.00000, 0.82469, 0.00000, -0.56558)#(157.90, 3.69, -807.80)#(-0.43192, -0.55195, -0.10903, 0.70492)
(157.24, 1.61, -805.55)#(0.00000, 0.81976, 0.00000, -0.57271)#(157.78, 3.70, -807.85)#(-0.42350, -0.57535, -0.08484, 0.69456)
(156.88, 1.63, -805.74)#(0.00000, 0.87008, 0.00000, -0.49291)#(157.67, 3.70, -807.91)#(-0.41559, -0.59749, -0.06115, 0.68305)
(156.55, 1.60, -805.85)#(0.00000, 0.87792, 0.00000, -0.47881)#(157.55, 3.70, -807.98)#(-0.40780, -0.61880, -0.03699, 0.67039)
(156.30, 1.57, -805.90)#(0.00000, 0.87792, 0.00000, -0.47881)#(157.44, 3.68, -808.05)#(-0.39988, -0.63959, -0.01136, 0.65643)
(156.21, 1.56, -805.91)#(0.00000, 0.87792, 0.00000, -0.47881)#(157.32, 3.66, -808.13)#(-0.39166, -0.66003, 0.01663, 0.64085)
(156.18, 1.55, -805.92)#(0.00000, 0.87792, 0.00000, -0.47881)#(157.19, 3.63, -808.22)#(-0.38333, -0.67995, 0.04731, 0.62328)
(156.17, 1.55, -805.92)#(0.00000, 0.87792, 0.00000, -0.47881)#(157.06, 3.59, -808.32)#(-0.37426, -0.69923, 0.08071, 0.60373)
(156.25, 1.54, -806.07)#(0.00000, 0.96737, 0.00000, -0.25338)#(156.92, 3.55, -808.43)#(-0.36399, -0.71778, 0.11752, 0.58180)
(156.36, 1.53, -806.26)#(0.00000, 0.99666, 0.00000, 0.08168)#(156.75, 3.55, -808.57)#(-0.35523, -0.73583, 0.16234, 0.55318)
(156.36, 1.53, -806.29)#(0.00000, 0.99317, 0.00000, 0.11669)#(156.62, 3.56, -808.68)#(-0.34926, -0.74803, 0.19800, 0.52845)
(156.35, 1.53, -806.30)#(0.00000, 0.99543, 0.00000, 0.09550)#(156.49, 3.58, -808.79)#(-0.34165, -0.75913, 0.23037, 0.50391)
(156.15, 1.51, -806.53)#(0.00000, 0.98458, 0.00000, -0.17493)#(156.36, 3.60, -808.83)#(-0.32630, -0.77223, 0.25369, 0.48252)
(156.13, 1.50, -806.54)#(0.00000, 0.97846, 0.00000, -0.20644)#(156.22, 3.59, -808.85)#(-0.30414, -0.78743, 0.26947, 0.46351)
(156.11, 1.50, -806.54)#(0.00000, 0.97728, 0.00000, -0.21197)#(156.08, 3.56, -808.84)#(-0.27570, -0.80464, 0.27839, 0.44615)
(156.09, 1.50, -806.54)#(0.00000, 0.97483, 0.00000, -0.22297)#(155.93, 3.55, -808.82)#(-0.24614, -0.82085, 0.28760, 0.42768)
(156.08, 1.50, -806.57)#(0.00000, 0.97396, 0.00000, -0.22674)#(155.77, 3.58, -808.81)#(-0.21605, -0.83568, 0.29698, 0.40837)
(155.89, 1.47, -806.90)#(0.00000, 0.97187, 0.00000, -0.23553)#(155.57, 3.58, -809.01)#(-0.18393, -0.84973, 0.30033, 0.39234)
(155.44, 1.44, -807.26)#(0.00000, 0.94469, 0.00000, -0.32796)#(155.23, 3.67, -809.37)#(-0.17173, -0.86854, 0.29047, 0.36301)
(154.81, 1.44, -807.07)#(0.00000, 0.78775, 0.00000, -0.61600)#(154.84, 3.72, -809.68)#(-0.18254, -0.88117, 0.29198, 0.32398)
(154.19, 1.53, -806.97)#(0.00000, 0.65204, 0.00000, -0.75819)#(154.54, 3.81, -809.81)#(-0.17757, -0.89411, 0.32974, 0.24557)
(153.71, 1.65, -807.41)#(0.00000, 0.75357, 0.00000, -0.65737)#(154.18, 3.86, -809.96)#(-0.16303, -0.90705, 0.35816, 0.14965)
(153.49, 1.65, -807.60)#(0.00000, 0.75357, 0.00000, -0.65737)#(153.88, 3.87, -810.06)#(-0.14531, -0.91491, 0.37021, 0.06911)
(153.42, 1.66, -807.66)#(0.00000, 0.75357, 0.00000, -0.65737)#(153.58, 3.82, -810.17)#(-0.12236, -0.92057, 0.37076, -0.01105)
(153.21, 1.67, -807.76)#(0.00000, 0.82238, 0.00000, -0.56894)#(153.27, 3.73, -810.26)#(-0.09261, -0.92384, 0.35996, -0.09151)
(152.97, 1.63, -807.93)#(0.00000, 0.88247, 0.00000, -0.47037)#(152.93, 3.67, -810.29)#(-0.06167, -0.92249, 0.34177, -0.16854)
(152.75, 1.60, -807.94)#(0.00000, 0.85030, 0.00000, -0.52630)#(152.60, 3.60, -810.30)#(-0.02289, -0.91587, 0.31779, -0.24427)
(152.24, 1.56, -807.92)#(0.00000, 0.75979, 0.00000, -0.65017)#(152.34, 3.67, -810.33)#(0.03826, -0.89698, 0.30708, -0.31569)
(151.61, 1.54, -807.85)#(0.00000, 0.69912, 0.00000, -0.71501)#(152.07, 3.69, -810.38)#(0.09589, -0.86954, 0.29728, -0.38252)
(150.94, 1.55, -807.91)#(0.00000, 0.70566, 0.00000, -0.70855)#(151.81, 3.70, -810.44)#(0.14985, -0.83426, 0.28944, -0.44473)
(150.30, 1.56, -808.20)#(0.00000, 0.78499, 0.00000, -0.61951)#(151.56, 3.70, -810.50)#(0.20217, -0.79213, 0.28131, -0.50251)
(149.81, 1.66, -808.70)#(0.00000, 0.87108, 0.00000, -0.49113)#(151.30, 3.69, -810.59)#(0.25190, -0.74412, 0.27166, -0.55591)
(149.66, 1.66, -808.91)#(0.00000, 0.95284, 0.00000, -0.30347)#(151.04, 3.66, -810.68)#(0.30021, -0.69039, 0.25972, -0.60479)
(149.56, 1.66, -809.09)#(0.00000, 0.95284, 0.00000, -0.30347)#(150.91, 3.65, -810.99)#(0.36642, -0.62681, 0.25742, -0.63764)
(149.53, 1.65, -809.14)#(0.00000, 0.95284, 0.00000, -0.30347)#(150.77, 3.67, -811.20)#(0.41175, -0.58075, 0.27429, -0.64649)
(149.53, 1.65, -809.14)#(0.00000, 0.95284, 0.00000, -0.30347)#(150.63, 3.71, -811.39)#(0.45107, -0.53624, 0.29397, -0.65005)
(149.53, 1.65, -809.14)#(0.00000, 0.95284, 0.00000, -0.30347)#(150.49, 3.73, -811.58)#(0.48674, -0.49055, 0.31055, -0.65269)
(149.53, 1.65, -809.14)#(0.00000, 0.95284, 0.00000, -0.30347)#(150.35, 3.73, -811.76)#(0.51924, -0.44378, 0.32401, -0.65457)
(149.50, 1.65, -809.19)#(0.00000, 0.95977, 0.00000, -0.28078)#(150.20, 3.73, -811.94)#(0.54917, -0.39551, 0.33387, -0.65614)
(149.23, 1.57, -809.52)#(0.00000, 0.95531, 0.00000, -0.29561)#(150.04, 3.73, -812.11)#(0.57664, -0.34580, 0.34043, -0.65728)
(148.72, 1.60, -809.85)#(0.00000, 0.91790, 0.00000, -0.39681)#(149.88, 3.72, -812.27)#(0.60162, -0.29433, 0.34328, -0.65847)
(148.10, 1.66, -810.08)#(0.00000, 0.86901, 0.00000, -0.49480)#(149.70, 3.71, -812.43)#(0.62460, -0.24077, 0.34271, -0.65913)
(147.60, 1.63, -810.20)#(0.00000, 0.84978, 0.00000, -0.52714)#(149.52, 3.72, -812.57)#(0.64655, -0.18590, 0.34015, -0.65705)
(147.42, 1.62, -810.25)#(0.00000, 0.84978, 0.00000, -0.52714)#(149.35, 3.73, -812.71)#(0.66667, -0.13045, 0.33641, -0.65220)
(147.35, 1.62, -810.27)#(0.00000, 0.84978, 0.00000, -0.52714)#(149.19, 3.73, -812.85)#(0.68536, -0.07431, 0.33128, -0.64422)
(147.32, 1.62, -810.29)#(0.00000, 0.84469, 0.00000, -0.53525)#(149.04, 3.73, -812.99)#(0.70340, -0.01809, 0.32541, -0.63167)
(147.18, 1.56, -810.64)#(0.00000, 0.92958, 0.00000, -0.36862)#(148.89, 3.73, -813.14)#(0.72020, 0.03721, 0.31956, -0.61466)
(146.96, 1.54, -811.19)#(0.00000, 0.97064, 0.00000, -0.24054)#(148.74, 3.72, -813.34)#(0.73924, 0.10287, 0.31162, -0.58807)
(146.70, 1.58, -811.77)#(0.00000, 0.97615, 0.00000, -0.21709)#(148.62, 3.69, -813.52)#(0.75392, 0.15643, 0.30447, -0.56075)
(146.59, 1.57, -812.06)#(0.00000, 0.97615, 0.00000, -0.21709)#(148.51, 3.65, -813.71)#(0.76710, 0.21001, 0.29523, -0.52942)
(146.55, 1.57, -812.17)#(0.00000, 0.97615, 0.00000, -0.21709)#(148.40, 3.59, -813.92)#(0.77994, 0.26359, 0.28345, -0.49181)
(146.53, 1.57, -812.21)#(0.00000, 0.97615, 0.00000, -0.21709)#(148.30, 3.53, -814.15)#(0.79109, 0.31392, 0.27026, -0.45010)
(146.53, 1.57, -812.22)#(0.00000, 0.97615, 0.00000, -0.21709)#(148.16, 3.52, -814.35)#(0.79384, 0.36402, 0.25842, -0.41295)
(146.53, 1.57, -812.22)#(0.00000, 0.97615, 0.00000, -0.21709)#(147.97, 3.53, -814.53)#(0.79075, 0.41539, 0.24313, -0.37823)
(146.46, 1.56, -812.44)#(0.00000, 0.98323, 0.00000, -0.18239)#(147.82, 3.60, -814.67)#(0.78543, 0.46043, 0.22301, -0.34837)
(146.27, 1.56, -812.77)#(0.00000, 0.98259, 0.00000, -0.18580)#(147.65, 3.64, -814.78)#(0.77248, 0.50308, 0.20640, -0.32801)
(146.22, 1.56, -812.80)#(0.00000, 0.98290, 0.00000, -0.18413)#(147.48, 3.65, -814.86)#(0.75486, 0.54413, 0.19143, -0.31219)
(146.22, 1.56, -812.80)#(0.00000, 0.98290, 0.00000, -0.18413)#(147.30, 3.69, -814.97)#(0.73595, 0.58700, 0.17310, -0.28956)
(146.22, 1.56, -812.80)#(0.00000, 0.98290, 0.00000, -0.18413)#(147.17, 3.72, -815.06)#(0.72182, 0.61782, 0.15840, -0.26867)
(146.05, 1.56, -812.88)#(0.00000, 0.93667, 0.00000, -0.35021)#(147.05, 3.74, -815.16)#(0.70870, 0.64512, 0.14419, -0.24654)
(145.60, 1.59, -813.17)#(0.00000, 0.89566, 0.00000, -0.44473)#(146.95, 3.75, -815.26)#(0.69646, 0.66956, 0.12990, -0.22308)
(145.02, 1.56, -813.43)#(0.00000, 0.86181, 0.00000, -0.50723)#(146.86, 3.76, -815.37)#(0.68556, 0.69102, 0.11515, -0.19809)
(144.55, 1.63, -813.91)#(0.00000, 0.88716, 0.00000, -0.46147)#(146.78, 3.77, -815.48)#(0.67644, 0.70920, 0.09992, -0.17170)
(144.36, 1.52, -814.28)#(0.00000, 0.88716, 0.00000, -0.46147)#(146.72, 3.77, -815.59)#(0.66913, 0.72412, 0.08438, -0.14420)
(144.28, 1.46, -814.42)#(0.00000, 0.88716, 0.00000, -0.46147)#(146.68, 3.78, -815.71)#(0.66359, 0.73583, 0.06892, -0.11599)
(144.26, 1.44, -814.47)#(0.00000, 0.88716, 0.00000, -0.46147)#(146.64, 3.78, -815.83)#(0.65949, 0.74474, 0.05334, -0.08715)
(144.25, 1.44, -814.48)#(0.00000, 0.88716, 0.00000, -0.46147)#(146.61, 3.78, -815.95)#(0.65639, 0.75113, 0.03832, -0.05911)
(144.27, 1.51, -814.61)#(0.00000, 0.96033, 0.00000, -0.27887)#(146.56, 3.81, -816.03)#(0.65074, 0.75764, 0.03036, -0.03988)
(144.37, 1.60, -814.92)#(0.00000, 0.99385, 0.00000, -0.11076)#(146.50, 3.82, -816.08)#(0.64148, 0.76618, 0.02837, -0.02605)
(144.34, 1.60, -814.99)#(0.00000, 0.99991, 0.00000, 0.01373)#(146.40, 3.80, -816.10)#(0.62547, 0.77935, 0.03363, -0.01614)
(144.30, 1.55, -815.35)#(0.00000, 0.99972, 0.00000, -0.02366)#(146.38, 3.82, -816.18)#(0.61061, 0.78943, 0.06150, 0.01315)
(144.32, 1.44, -815.69)#(0.00000, 0.99970, 0.00000, -0.02461)#(146.41, 3.88, -816.27)#(0.59810, 0.79482, 0.09120, 0.04717)
(144.33, 1.44, -815.81)#(0.00000, 0.99970, 0.00000, -0.02461)#(146.43, 3.91, -816.31)#(0.59902, 0.79101, 0.10109, 0.07252)
(144.33, 1.45, -815.86)#(0.00000, 0.99970, 0.00000, -0.02461)#(146.43, 3.92, -816.33)#(0.60191, 0.78711, 0.10689, 0.08208)
(144.33, 1.45, -815.87)#(0.00000, 0.99970, 0.00000, -0.02461)#(146.44, 3.92, -816.32)#(0.60321, 0.78519, 0.11251, 0.08337)
(144.33, 1.45, -815.87)#(0.00000, 0.99970, 0.00000, -0.02461)#(146.45, 3.91, -816.29)#(0.60631, 0.78187, 0.12010, 0.08154)
(144.33, 1.45, -815.87)#(0.00000, 0.99970, 0.00000, -0.02461)#(146.46, 3.90, -816.25)#(0.61114, 0.77652, 0.13177, 0.07853)
(144.25, 1.45, -815.67)#(0.00000, 0.82372, 0.00000, -0.56699)#(146.47, 3.87, -816.20)#(0.61580, 0.77040, 0.14817, 0.07297)
(144.06, 1.63, -815.17)#(0.00000, 0.41355, 0.00000, -0.91048)#(146.47, 3.83, -816.11)#(0.61747, 0.76547, 0.16996, 0.06244)
(143.84, 1.45, -814.56)#(0.00000, 0.23677, 0.00000, -0.97157)#(146.46, 3.79, -816.01)#(0.61702, 0.76138, 0.19261, 0.04989)
(143.80, 1.64, -813.89)#(0.00000, 0.12650, 0.00000, -0.99197)#(146.46, 3.80, -815.91)#(0.61773, 0.75623, 0.21202, 0.03970)
(143.99, 1.61, -813.22)#(0.00000, 0.03039, 0.00000, 0.99954)#(146.48, 3.80, -815.82)#(0.61991, 0.74948, 0.23031, 0.03075)
(144.63, 1.57, -813.00)#(0.00000, 0.34052, 0.00000, 0.94024)#(146.50, 3.80, -815.73)#(0.62358, 0.74110, 0.24778, 0.02285)
(145.33, 1.54, -813.07)#(0.00000, 0.61258, 0.00000, 0.79041)#(146.54, 3.80, -815.64)#(0.62864, 0.73114, 0.26457, 0.01592)
(146.03, 1.63, -813.19)#(0.00000, 0.72433, 0.00000, 0.68945)#(146.58, 3.80, -815.56)#(0.63489, 0.71973, 0.28073, 0.00993)
(146.23, 1.63, -813.18)#(0.00000, 0.82344, 0.00000, 0.56740)#(146.65, 3.79, -815.47)#(0.64409, 0.70403, 0.29910, 0.00426)
(146.15, 1.66, -813.55)#(0.00000, 0.98439, 0.00000, 0.17599)#(146.73, 3.85, -815.72)#(0.65054, 0.68413, 0.32926, 0.01880)
(146.03, 1.63, -814.12)#(0.00000, 0.99947, 0.00000, -0.03251)#(146.80, 3.93, -816.15)#(0.65235, 0.65883, 0.36960, 0.06140)
(146.02, 1.63, -814.78)#(0.00000, 0.99966, 0.00000, -0.02613)#(146.94, 4.20, -816.68)#(0.65092, 0.63889, 0.40581, 0.05872)
(145.90, 1.61, -815.01)#(0.00000, 0.99956, 0.00000, -0.02982)#(147.10, 4.36, -817.21)#(0.64784, 0.61991, 0.44035, 0.04592)
(145.90, 1.61, -815.02)#(0.00000, 0.99956, 0.00000, -0.02982)#(147.26, 4.42, -817.74)#(0.64366, 0.59997, 0.47397, 0.03310)
(145.90, 1.61, -815.02)#(0.00000, 0.99956, 0.00000, -0.02982)#(147.42, 4.38, -818.28)#(0.63841, 0.57910, 0.50662, 0.02029)
(145.90, 1.61, -815.02)#(0.00000, 0.99956, 0.00000, -0.02982)#(147.58, 4.31, -818.77)#(0.63156, 0.57041, 0.52463, 0.02302)
(145.90, 1.61, -815.02)#(0.00000, 0.99956, 0.00000, -0.02982)#(147.66, 4.38, -819.08)#(0.62885, 0.58835, 0.50010, 0.09106)
(145.90, 1.61, -815.10)#(0.00000, 0.99958, 0.00000, -0.02910)#(147.73, 4.43, -819.37)#(0.62041, 0.60495, 0.47393, 0.15655)
(145.91, 1.64, -815.55)#(0.00000, 0.99999, 0.00000, -0.00372)#(147.80, 4.46, -819.67)#(0.60715, 0.61970, 0.44649, 0.21905)
(145.90, 1.65, -816.16)#(0.00000, 1.00000, 0.00000, -0.00118)#(147.85, 4.51, -819.96)#(0.58934, 0.63286, 0.41759, 0.27889)
(145.82, 1.81, -816.83)#(0.00000, 0.99960, 0.00000, -0.02823)#(147.91, 4.50, -820.24)#(0.56783, 0.64398, 0.38716, 0.33611)
(145.68, 2.52, -817.53)#(0.00000, 0.99708, 0.00000, -0.07637)#(147.98, 4.48, -820.59)#(0.53686, 0.65489, 0.34746, 0.40270)
(145.80, 3.07, -818.23)#(0.00000, 0.99999, 0.00000, 0.00430)#(148.03, 4.48, -820.89)#(0.50835, 0.66039, 0.31184, 0.45631)
(145.95, 3.47, -818.64)#(0.00000, 0.99999, 0.00000, 0.00430)#(148.08, 4.47, -821.18)#(0.47703, 0.66296, 0.27450, 0.50751)
(146.00, 3.70, -818.79)#(0.00000, 0.99999, 0.00000, 0.00430)#(148.13, 4.46, -821.47)#(0.44292, 0.66269, 0.23561, 0.55601)
(146.02, 3.77, -818.84)#(0.00000, 0.99999, 0.00000, 0.00430)#(148.18, 4.47, -821.76)#(0.40751, 0.65869, 0.19494, 0.60172)
(146.03, 3.70, -818.86)#(0.00000, 0.99994, 0.00000, 0.01131)#(148.23, 4.48, -822.05)#(0.37069, 0.65132, 0.15379, 0.64399)
(146.18, 3.47, -819.13)#(0.00000, 0.98781, 0.00000, 0.15567)#(148.27, 4.48, -822.34)#(0.33211, 0.64096, 0.11254, 0.68279)
(146.45, 3.08, -819.62)#(0.00000, 0.97471, 0.00000, 0.22347)#(148.33, 4.48, -822.62)#(0.29183, 0.62765, 0.07015, 0.71832)
(146.54, 2.54, -820.18)#(0.00000, 0.97609, 0.00000, 0.21738)#(148.38, 4.48, -822.90)#(0.25116, 0.61107, 0.02701, 0.75019)
(146.48, 2.12, -820.40)#(0.00000, 0.98974, 0.00000, 0.14290)#(148.43, 4.48, -823.18)#(0.20986, 0.59187, -0.01516, 0.77808)
(146.10, 2.14, -820.64)#(0.00000, 0.96386, 0.00000, -0.26641)#(148.48, 4.47, -823.47)#(0.16728, 0.57015, -0.05729, 0.80229)
(145.76, 2.15, -820.98)#(0.00000, 0.94203, 0.00000, -0.33553)#(148.54, 4.47, -823.75)#(0.12402, 0.54609, -0.09916, 0.82254)
(145.64, 2.15, -821.13)#(0.00000, 0.94203, 0.00000, -0.33553)#(148.60, 4.48, -824.08)#(0.07246, 0.51439, -0.14770, 0.84163)
(145.59, 2.14, -821.18)#(0.00000, 0.94203, 0.00000, -0.33553)#(148.64, 4.47, -824.36)#(0.02789, 0.48556, -0.18711, 0.85349)
(145.72, 2.14, -821.41)#(0.00000, 0.99437, 0.00000, -0.10597)#(148.70, 4.50, -824.64)#(-0.01654, 0.45464, -0.22652, 0.86123)
(146.10, 2.09, -821.80)#(0.00000, 0.97931, 0.00000, 0.20239)#(148.75, 4.50, -824.91)#(-0.06099, 0.42181, -0.26524, 0.86487)
(146.64, 2.19, -822.15)#(0.00000, 0.92269, 0.00000, 0.38554)#(148.81, 4.50, -825.19)#(-0.10335, 0.38778, -0.30422, 0.86394)
(147.04, 2.26, -822.67)#(0.00000, 0.91915, 0.00000, 0.39391)#(148.87, 4.50, -825.46)#(-0.14415, 0.35250, -0.34094, 0.85949)
(147.17, 2.25, -822.96)#(0.00000, 0.91915, 0.00000, 0.39391)#(148.93, 4.51, -825.74)#(-0.18436, 0.31598, -0.37578, 0.85144)
(147.20, 2.25, -823.12)#(0.00000, 0.94645, 0.00000, 0.32285)#(148.99, 4.51, -826.01)#(-0.22319, 0.27863, -0.40945, 0.83959)
(147.05, 2.26, -823.55)#(0.00000, 0.99885, 0.00000, 0.04804)#(149.05, 4.51, -826.27)#(-0.26055, 0.24047, -0.44078, 0.82462)
(146.59, 2.21, -823.98)#(0.00000, 0.97219, 0.00000, -0.23418)#(149.11, 4.53, -826.54)#(-0.29633, 0.20208, -0.47127, 0.80576)
(146.26, 2.11, -824.56)#(0.00000, 0.95714, 0.00000, -0.28964)#(149.17, 4.53, -826.79)#(-0.33038, 0.16331, -0.49954, 0.78399)
(146.11, 2.04, -825.16)#(0.00000, 0.96949, 0.00000, -0.24513)#(149.24, 4.52, -827.05)#(-0.36303, 0.12414, -0.52604, 0.75900)
(146.06, 2.04, -825.42)#(0.00000, 0.96949, 0.00000, -0.24513)#(149.31, 4.50, -827.31)#(-0.39506, 0.08423, -0.55074, 0.73043)
(146.17, 2.06, -825.72)#(0.00000, 0.99944, 0.00000, -0.03339)#(149.39, 4.49, -827.56)#(-0.42519, 0.04536, -0.57459, 0.69786)
(146.38, 2.06, -826.25)#(0.00000, 0.99283, 0.00000, 0.11954)#(149.47, 4.50, -827.82)#(-0.45216, 0.00825, -0.59660, 0.66298)
(146.66, 2.16, -826.85)#(0.00000, 0.98217, 0.00000, 0.18801)#(149.56, 4.51, -828.11)#(-0.48175, -0.03571, -0.61966, 0.61859)
(146.90, 2.07, -827.52)#(0.00000, 0.98363, 0.00000, 0.18018)#(149.64, 4.51, -828.36)#(-0.50403, -0.07165, -0.63628, 0.57963)
(147.02, 2.04, -828.22)#(0.00000, 0.99183, 0.00000, 0.12756)#(149.71, 4.58, -828.60)#(-0.52330, -0.10578, -0.65059, 0.54009)
(147.23, 2.08, -828.71)#(0.00000, 0.99228, 0.00000, 0.12402)#(149.79, 4.57, -828.84)#(-0.54062, -0.14034, -0.66183, 0.50001)
(147.31, 2.07, -828.90)#(0.00000, 0.99228, 0.00000, 0.12402)#(149.86, 4.57, -829.07)#(-0.55659, -0.17435, -0.67095, 0.45785)
(147.34, 2.07, -828.96)#(0.00000, 0.99228, 0.00000, 0.12402)#(149.94, 4.57, -829.31)#(-0.57082, -0.20725, -0.67804, 0.41409)
(147.35, 2.07, -828.99)#(0.00000, 0.99228, 0.00000, 0.12402)#(150.02, 4.57, -829.55)#(-0.58331, -0.23948, -0.68283, 0.36898)
(147.35, 2.07, -828.99)#(0.00000, 0.99228, 0.00000, 0.12402)#(150.09, 4.56, -829.78)#(-0.59394, -0.27042, -0.68547, 0.32288)
(147.39, 2.07, -829.11)#(0.00000, 0.99141, 0.00000, 0.13079)#(150.17, 4.56, -830.02)#(-0.60273, -0.30004, -0.68593, 0.27604)
(147.50, 2.10, -829.58)#(0.00000, 0.99058, 0.00000, 0.13690)#(150.25, 4.56, -830.25)#(-0.60988, -0.32853, -0.68420, 0.22802)
(147.40, 2.04, -830.19)#(0.00000, 0.99965, 0.00000, 0.02641)#(150.33, 4.55, -830.48)#(-0.61548, -0.35583, -0.68019, 0.17866)
(147.27, 2.11, -830.85)#(0.00000, 0.99753, 0.00000, -0.07019)#(150.42, 4.55, -830.71)#(-0.61951, -0.38101, -0.67423, 0.12826)
(147.29, 2.12, -831.38)#(0.00000, 0.99781, 0.00000, -0.06616)#(150.51, 4.55, -830.93)#(-0.62207, -0.40357, -0.66651, 0.07704)
(147.30, 2.12, -831.58)#(0.00000, 0.99781, 0.00000, -0.06616)#(150.62, 4.56, -831.20)#(-0.62265, -0.42753, -0.65519, 0.01627)
(147.36, 2.13, -831.68)#(0.00000, 0.99988, 0.00000, 0.01551)#(150.72, 4.57, -831.42)#(-0.62110, -0.44560, -0.64384, -0.03388)
(147.69, 2.09, -831.91)#(0.00000, 0.97768, 0.00000, 0.21011)#(150.81, 4.57, -831.64)#(-0.61770, -0.46244, -0.63055, -0.08369)
(147.86, 2.08, -832.06)#(0.00000, 0.96384, 0.00000, 0.26648)#(150.90, 4.58, -831.86)#(-0.61264, -0.47721, -0.61601, -0.13218)
(148.05, 2.11, -832.46)#(0.00000, 0.96154, 0.00000, 0.27467)#(150.99, 4.58, -832.07)#(-0.60576, -0.49099, -0.59959, -0.18020)
(148.20, 2.15, -833.06)#(0.00000, 0.98291, 0.00000, 0.18409)#(151.08, 4.63, -832.28)#(-0.59756, -0.50267, -0.58194, -0.22713)
(148.52, 2.11, -833.65)#(0.00000, 0.97964, 0.00000, 0.20077)#(151.17, 4.64, -832.49)#(-0.58792, -0.51260, -0.56346, -0.27222)
(148.84, 2.08, -834.25)#(0.00000, 0.97297, 0.00000, 0.23094)#(151.26, 4.64, -832.70)#(-0.57660, -0.52137, -0.54418, -0.31555)
(149.01, 2.05, -834.56)#(0.00000, 0.97297, 0.00000, 0.23094)#(151.35, 4.64, -832.91)#(-0.56336, -0.52954, -0.52365, -0.35778)
(149.07, 2.03, -834.67)#(0.00000, 0.97297, 0.00000, 0.23094)#(151.43, 4.64, -833.11)#(-0.54878, -0.53651, -0.50214, -0.39856)
(149.13, 2.05, -834.69)#(0.00000, 0.95682, 0.00000, 0.29067)#(151.51, 4.63, -833.32)#(-0.53229, -0.54290, -0.47995, -0.43769)
(149.33, 2.09, -834.68)#(0.00000, 0.81099, 0.00000, 0.58506)#(151.58, 4.63, -833.53)#(-0.51402, -0.54876, -0.45710, -0.47508)
(149.36, 2.10, -834.74)#(0.00000, 0.81320, 0.00000, 0.58199)#(151.65, 4.61, -833.74)#(-0.49312, -0.55477, -0.43322, -0.51125)
(149.42, 2.10, -834.85)#(0.00000, 0.86986, 0.00000, 0.49329)#(151.71, 4.58, -833.95)#(-0.46971, -0.56067, -0.40779, -0.54656)
(149.47, 2.12, -835.06)#(0.00000, 0.88994, 0.00000, 0.45607)#(151.77, 4.56, -834.18)#(-0.44390, -0.56627, -0.38131, -0.58042)
(149.61, 2.13, -835.16)#(0.00000, 0.89591, 0.00000, 0.44423)#(151.82, 4.53, -834.41)#(-0.41472, -0.57214, -0.35434, -0.61246)
(149.66, 2.04, -835.59)#(0.00000, 0.95091, 0.00000, 0.30947)#(152.09, 4.54, -834.59)#(-0.38905, -0.56755, -0.32714, -0.64770)
(149.57, 1.80, -836.20)#(0.00000, 0.99942, 0.00000, 0.03417)#(152.29, 4.57, -834.79)#(-0.37879, -0.54739, -0.28706, -0.68883)
(149.76, 1.58, -836.86)#(0.00000, 0.99781, 0.00000, 0.06620)#(152.51, 4.58, -835.04)#(-0.36129, -0.52251, -0.23922, -0.73432)
(150.35, 1.42, -837.20)#(0.00000, 0.95532, 0.00000, 0.29557)#(152.68, 4.60, -835.25)#(-0.34320, -0.50102, -0.19968, -0.76897)
(150.78, 1.61, -836.99)#(0.00000, 0.82779, 0.00000, 0.56104)#(152.84, 4.61, -835.46)#(-0.32185, -0.47896, -0.16098, -0.80068)
(150.78, 1.61, -836.99)#(0.00000, 0.82779, 0.00000, 0.56104)#(153.00, 4.60, -835.68)#(-0.29673, -0.45639, -0.12278, -0.82981)
(150.78, 1.61, -836.99)#(0.00000, 0.82779, 0.00000, 0.56104)#(153.15, 4.55, -835.90)#(-0.26708, -0.43335, -0.08416, -0.85662)
(150.78, 1.61, -836.99)#(0.00000, 0.82779, 0.00000, 0.56104)#(153.31, 4.47, -836.13)#(-0.23246, -0.40963, -0.04430, -0.88103)
(150.91, 1.67, -837.02)#(0.00000, 0.78440, 0.00000, 0.62026)#(153.43, 4.51, -836.38)#(-0.19788, -0.38543, -0.00539, -0.90126)
(151.12, 1.70, -837.17)#(0.00000, 0.83121, 0.00000, 0.55596)#(153.56, 4.49, -836.63)#(-0.16037, -0.36054, 0.03186, -0.91830)
(151.27, 1.56, -837.54)#(0.00000, 0.93413, 0.00000, 0.35693)#(153.68, 4.50, -836.89)#(-0.12262, -0.33426, 0.07080, -0.93178)
(151.52, 1.41, -838.08)#(0.00000, 0.96931, 0.00000, 0.24583)#(153.79, 4.51, -837.13)#(-0.08492, -0.30693, 0.10871, -0.94168)
(151.95, 1.45, -838.58)#(0.00000, 0.95719, 0.00000, 0.28945)#(153.91, 4.51, -837.37)#(-0.04723, -0.27864, 0.14584, -0.94808)
(152.14, 1.44, -838.75)#(0.00000, 0.90679, 0.00000, 0.42159)#(154.03, 4.50, -837.61)#(-0.00888, -0.24941, 0.18237, -0.95103)
(152.26, 1.49, -839.16)#(0.00000, 0.95148, 0.00000, 0.30772)#(154.15, 4.51, -837.85)#(0.02737, -0.22004, 0.21836, -0.95034)
(152.54, 1.41, -839.71)#(0.00000, 0.97403, 0.00000, 0.22642)#(154.28, 4.53, -838.13)#(0.06969, -0.18430, 0.25815, -0.94580)
(153.03, 1.49, -840.17)#(0.00000, 0.95042, 0.00000, 0.31098)#(154.39, 4.53, -838.36)#(0.10586, -0.15365, 0.28915, -0.93892)
(153.68, 1.57, -840.23)#(0.00000, 0.88199, 0.00000, 0.47127)#(154.67, 4.63, -838.46)#(0.13127, -0.09576, 0.30255, -0.93918)
(154.10, 1.58, -840.43)#(0.00000, 0.85695, 0.00000, 0.51540)#(155.07, 4.76, -838.43)#(0.14811, -0.02130, 0.30417, -0.94079)
(154.69, 1.55, -840.51)#(0.00000, 0.80991, 0.00000, 0.58656)#(155.48, 4.80, -838.41)#(0.16400, 0.05291, 0.30402, -0.93695)
(154.81, 1.55, -840.49)#(0.00000, 0.76870, 0.00000, 0.63961)#(155.89, 4.73, -838.38)#(0.17888, 0.12644, 0.30213, -0.92776)
(154.83, 1.56, -840.48)#(0.00000, 0.76870, 0.00000, 0.63961)#(156.29, 4.56, -838.35)#(0.19266, 0.19889, 0.29853, -0.91335)
(154.84, 1.56, -840.48)#(0.00000, 0.76870, 0.00000, 0.63961)#(156.57, 4.58, -838.44)#(0.19172, 0.25923, 0.33423, -0.88562)
(154.84, 1.56, -840.48)#(0.00000, 0.76870, 0.00000, 0.63961)#(156.80, 4.60, -838.55)#(0.18825, 0.31644, 0.37570, -0.85046)
(154.96, 1.60, -840.26)#(0.00000, 0.52690, 0.00000, 0.84993)#(157.04, 4.59, -838.66)#(0.18877, 0.37464, 0.40982, -0.80997)
(154.83, 1.65, -839.74)#(0.00000, 0.16324, 0.00000, 0.98659)#(157.27, 4.58, -838.79)#(0.18928, 0.43072, 0.43955, -0.76515)
(154.54, 1.73, -839.35)#(0.00000, 0.11127, 0.00000, -0.99379)#(157.50, 4.56, -838.94)#(0.19049, 0.48521, 0.46349, -0.71656)
(154.34, 1.92, -838.95)#(0.00000, 0.14852, 0.00000, -0.98891)#(157.71, 4.54, -839.10)#(0.19228, 0.53868, 0.48039, -0.66489)
(154.09, 1.98, -838.76)#(0.00000, 0.14852, 0.00000, -0.98891)#(157.95, 4.51, -839.32)#(0.19858, 0.59988, 0.49660, -0.59506)
(154.02, 1.99, -838.71)#(0.00000, 0.14021, 0.00000, -0.99012)#(158.12, 4.53, -839.49)#(0.21174, 0.64466, 0.51148, -0.52723)
(154.32, 1.94, -838.91)#(0.00000, 0.49434, 0.00000, 0.86927)#(158.28, 4.55, -839.65)#(0.22392, 0.68375, 0.52400, -0.45581)
(154.70, 1.86, -839.35)#(0.00000, 0.82902, 0.00000, 0.55922)#(158.45, 4.56, -839.80)#(0.23406, 0.71879, 0.53165, -0.38197)
(155.08, 1.69, -839.89)#(0.00000, 0.92527, 0.00000, 0.37930)#(158.63, 4.54, -839.94)#(0.24132, 0.74920, 0.53507, -0.30686)
(155.62, 1.64, -840.31)#(0.00000, 0.91794, 0.00000, 0.39672)#(158.81, 4.54, -840.08)#(0.24740, 0.77369, 0.53599, -0.23002)
(156.25, 1.69, -840.62)#(0.00000, 0.87673, 0.00000, 0.48098)#(159.00, 4.52, -840.22)#(0.25136, 0.79318, 0.53323, -0.15279)
(156.69, 1.58, -840.77)#(0.00000, 0.85867, 0.00000, 0.51252)#(159.18, 4.53, -840.37)#(0.25399, 0.80465, 0.53123, -0.07632)
(156.72, 1.58, -840.78)#(0.00000, 0.85867, 0.00000, 0.51252)#(159.37, 4.54, -840.52)#(0.25455, 0.81110, 0.52661, -0.00074)
(156.73, 1.58, -840.78)#(0.00000, 0.85867, 0.00000, 0.51252)#(159.54, 4.54, -840.66)#(0.25188, 0.81352, 0.51901, 0.07332)
(156.70, 1.54, -840.86)#(0.00000, 0.92299, 0.00000, 0.38483)#(159.72, 4.55, -840.80)#(0.24947, 0.81121, 0.50789, 0.14748)
(156.55, 1.46, -841.30)#(0.00000, 0.99979, 0.00000, 0.02072)#(159.88, 4.61, -840.93)#(0.24716, 0.80390, 0.49382, 0.22092)
(156.68, 1.62, -841.89)#(0.00000, 0.99989, 0.00000, 0.01485)#(160.05, 4.62, -841.05)#(0.24255, 0.79216, 0.47799, 0.29186)
(157.11, 1.61, -842.39)#(0.00000, 0.98001, 0.00000, 0.19895)#(160.22, 4.61, -841.17)#(0.23489, 0.77756, 0.45844, 0.36064)
(157.79, 1.49, -842.57)#(0.00000, 0.88960, 0.00000, 0.45674)#(160.43, 4.60, -841.31)#(0.22651, 0.75345, 0.43223, 0.44066)
(158.42, 1.50, -842.89)#(0.00000, 0.86039, 0.00000, 0.50964)#(160.62, 4.59, -841.42)#(0.21794, 0.72921, 0.40804, 0.50424)
(158.88, 1.54, -843.11)#(0.00000, 0.84196, 0.00000, 0.53954)#(160.79, 4.59, -841.54)#(0.21271, 0.69932, 0.38235, 0.56525)
(159.14, 1.60, -843.31)#(0.00000, 0.85644, 0.00000, 0.51625)#(160.97, 4.61, -841.64)#(0.20787, 0.66517, 0.35595, 0.62260)
(159.47, 1.62, -843.72)#(0.00000, 0.89386, 0.00000, 0.44835)#(161.14, 4.62, -841.74)#(0.20270, 0.62726, 0.32977, 0.67581)
(159.62, 1.61, -843.93)#(0.00000, 0.89386, 0.00000, 0.44835)#(161.31, 4.63, -841.84)#(0.19522, 0.58689, 0.30305, 0.72499)
(159.70, 1.60, -843.97)#(0.00000, 0.88657, 0.00000, 0.46259)#(161.48, 4.63, -841.93)#(0.18719, 0.54389, 0.27525, 0.77031)
(159.95, 1.57, -843.81)#(0.00000, 0.68640, 0.00000, 0.72722)#(161.66, 4.63, -842.02)#(0.17828, 0.49864, 0.24611, 0.81179)
(159.97, 1.56, -843.78)#(0.00000, 0.61499, 0.00000, 0.78853)#(161.83, 4.62, -842.09)#(0.16679, 0.45192, 0.21511, 0.84951)
(160.08, 1.55, -843.81)#(0.00000, 0.61433, 0.00000, 0.78905)#(162.02, 4.60, -842.17)#(0.15438, 0.40342, 0.18227, 0.88329)
(160.42, 1.55, -843.97)#(0.00000, 0.74981, 0.00000, 0.66166)#(162.21, 4.58, -842.25)#(0.14137, 0.35349, 0.14736, 0.91288)
(160.54, 1.55, -843.97)#(0.00000, 0.72063, 0.00000, 0.69332)#(162.40, 4.59, -842.32)#(0.13466, 0.30127, 0.10990, 0.93756)
(160.77, 1.55, -844.10)#(0.00000, 0.73740, 0.00000, 0.67546)#(162.62, 4.59, -842.41)#(0.12750, 0.23719, 0.06490, 0.96087)
(160.90, 1.54, -844.19)#(0.00000, 0.73740, 0.00000, 0.67546)#(162.81, 4.59, -842.47)#(0.12098, 0.18295, 0.02770, 0.97526)
(161.11, 1.48, -844.20)#(0.00000, 0.75379, 0.00000, 0.65712)#(163.00, 4.63, -842.52)#(0.11591, 0.12820, -0.00965, 0.98490)
(161.34, 1.42, -844.19)#(0.00000, 0.70206, 0.00000, 0.71211)#(163.19, 4.63, -842.57)#(0.10917, 0.07358, -0.04520, 0.99027)
(161.50, 1.41, -844.19)#(0.00000, 0.68284, 0.00000, 0.73057)#(163.39, 4.62, -842.62)#(0.10372, 0.01918, -0.07910, 0.99127)
(161.65, 1.42, -844.21)#(0.00000, 0.68903, 0.00000, 0.72473)#(163.59, 4.61, -842.67)#(0.09562, -0.03516, -0.11440, 0.98820)
(161.72, 1.43, -844.22)#(0.00000, 0.68903, 0.00000, 0.72473)#(163.79, 4.59, -842.71)#(0.08701, -0.08909, -0.15203, 0.98050)
(161.74, 1.43, -844.22)#(0.00000, 0.68903, 0.00000, 0.72473)#(163.99, 4.60, -842.76)#(0.08534, -0.14030, -0.18435, 0.96904)
(161.86, 1.46, -844.19)#(0.00000, 0.67413, 0.00000, 0.73861)#(164.20, 4.61, -842.82)#(0.08128, -0.19097, -0.21274, 0.95481)
(162.19, 1.52, -844.13)#(0.00000, 0.64593, 0.00000, 0.76340)#(164.38, 4.62, -842.87)#(0.07517, -0.23973, -0.24637, 0.93605)
(162.35, 1.55, -844.14)#(0.00000, 0.67411, 0.00000, 0.73863)#(164.56, 4.63, -842.92)#(0.06963, -0.28697, -0.27944, 0.91363)
(162.52, 1.58, -844.21)#(0.00000, 0.69772, 0.00000, 0.71638)#(164.73, 4.65, -842.95)#(0.06734, -0.33150, -0.31197, 0.88783)
(162.60, 1.59, -844.26)#(0.00000, 0.69772, 0.00000, 0.71638)#(164.90, 4.66, -842.98)#(0.06586, -0.37441, -0.34162, 0.85952)
(162.63, 1.60, -844.28)#(0.00000, 0.69772, 0.00000, 0.71638)#(165.06, 4.67, -843.00)#(0.06551, -0.41540, -0.36951, 0.82862)
(162.64, 1.60, -844.29)#(0.00000, 0.69949, 0.00000, 0.71464)#(165.23, 4.67, -843.01)#(0.06585, -0.45452, -0.39477, 0.79576)
(162.93, 1.64, -844.30)#(0.00000, 0.71622, 0.00000, 0.69788)#(165.40, 4.67, -843.02)#(0.06512, -0.49227, -0.41831, 0.76056)
(163.40, 1.69, -844.39)#(0.00000, 0.74061, 0.00000, 0.67193)#(165.57, 4.65, -843.02)#(0.06288, -0.52866, -0.44016, 0.72307)
(163.61, 1.69, -844.44)#(0.00000, 0.75426, 0.00000, 0.65658)#(165.79, 4.63, -843.02)#(0.05895, -0.57004, -0.46445, 0.67517)
(163.87, 1.67, -844.59)#(0.00000, 0.77243, 0.00000, 0.63510)#(165.98, 4.60, -843.01)#(0.05346, -0.60288, -0.48349, 0.63238)
(163.96, 1.67, -844.66)#(0.00000, 0.77243, 0.00000, 0.63510)#(166.17, 4.59, -843.01)#(0.04682, -0.63100, -0.50754, 0.58485)
(164.00, 1.68, -844.69)#(0.00000, 0.77243, 0.00000, 0.63510)#(166.35, 4.60, -843.00)#(0.04407, -0.65282, -0.53361, 0.53586)
(164.03, 1.72, -844.55)#(0.00000, 0.60911, 0.00000, 0.79309)#(166.53, 4.67, -842.98)#(0.04567, -0.67163, -0.55498, 0.48869)
(164.06, 1.80, -844.05)#(0.00000, 0.24874, 0.00000, 0.96857)#(166.71, 4.68, -842.97)#(0.04746, -0.68884, -0.57332, 0.44107)
(163.98, 2.07, -843.43)#(0.00000, 0.04246, 0.00000, 0.99910)#(166.89, 4.68, -842.95)#(0.04861, -0.70512, -0.58834, 0.39281)
(163.84, 2.05, -842.76)#(0.00000, 0.05190, 0.00000, -0.99865)#(167.07, 4.67, -842.93)#(0.04860, -0.72038, -0.60050, 0.34365)
(163.66, 2.04, -842.30)#(0.00000, 0.06579, 0.00000, -0.99783)#(167.25, 4.66, -842.90)#(0.04753, -0.73357, -0.61122, 0.29328)
(163.59, 2.05, -842.13)#(0.00000, 0.06579, 0.00000, -0.99783)#(167.44, 4.63, -842.88)#(0.04453, -0.74575, -0.61927, 0.24161)
(163.78, 2.05, -842.15)#(0.00000, 0.24756, 0.00000, 0.96887)#(167.61, 4.65, -842.87)#(0.04385, -0.75033, -0.63104, 0.19203)
(164.31, 2.09, -842.22)#(0.00000, 0.62003, 0.00000, 0.78458)#(167.77, 4.67, -842.86)#(0.04427, -0.75320, -0.64045, 0.14334)
(164.95, 2.04, -842.15)#(0.00000, 0.67493, 0.00000, 0.73788)#(167.93, 4.69, -842.84)#(0.04571, -0.75429, -0.64794, 0.09555)
(165.42, 2.06, -842.07)#(0.00000, 0.66526, 0.00000, 0.74661)#(168.07, 4.70, -842.82)#(0.04774, -0.75443, -0.65286, 0.04835)
(165.47, 2.06, -842.07)#(0.00000, 0.66526, 0.00000, 0.74661)#(168.25, 4.70, -842.80)#(0.05051, -0.75307, -0.65595, -0.00766)
(165.60, 2.07, -842.10)#(0.00000, 0.69630, 0.00000, 0.71775)#(168.39, 4.70, -842.77)#(0.05304, -0.75040, -0.65665, -0.05375)
(165.83, 2.08, -842.16)#(0.00000, 0.75898, 0.00000, 0.65112)#(168.54, 4.69, -842.75)#(0.05523, -0.74679, -0.65522, -0.09965)
(165.96, 2.06, -842.19)#(0.00000, 0.78053, 0.00000, 0.62512)#(168.69, 4.68, -842.72)#(0.05656, -0.74254, -0.65132, -0.14567)
(166.12, 2.05, -842.22)#(0.00000, 0.78433, 0.00000, 0.62034)#(168.85, 4.66, -842.69)#(0.05669, -0.73692, -0.64563, -0.19206)
(166.19, 2.04, -842.22)#(0.00000, 0.78405, 0.00000, 0.62070)#(169.01, 4.67, -842.69)#(0.05883, -0.72902, -0.64099, -0.23280)
(166.47, 2.05, -842.17)#(0.00000, 0.71926, 0.00000, 0.69474)#(169.17, 4.68, -842.70)#(0.06370, -0.72240, -0.63320, -0.27045)
(166.62, 2.06, -842.13)#(0.00000, 0.66515, 0.00000, 0.74671)#(169.32, 4.68, -842.74)#(0.07054, -0.71791, -0.62098, -0.30662)
(166.81, 2.04, -842.05)#(0.00000, 0.61460, 0.00000, 0.78884)#(169.48, 4.66, -842.79)#(0.07827, -0.71472, -0.60528, -0.34159)
(166.97, 2.01, -841.97)#(0.00000, 0.60141, 0.00000, 0.79894)#(169.61, 4.66, -842.88)#(0.08754, -0.71132, -0.58857, -0.37410)
(167.07, 2.00, -841.98)#(0.00000, 0.62214, 0.00000, 0.78291)#(169.73, 4.65, -842.98)#(0.10031, -0.70925, -0.56901, -0.40390)
(167.28, 1.99, -842.08)#(0.00000, 0.77108, 0.00000, 0.63674)#(169.83, 4.67, -843.08)#(0.11006, -0.70776, -0.54551, -0.43518)
(167.38, 2.00, -842.17)#(0.00000, 0.85954, 0.00000, 0.51107)#(169.92, 4.69, -843.17)#(0.11872, -0.70493, -0.52212, -0.46516)
(167.38, 2.00, -842.18)#(0.00000, 0.86579, 0.00000, 0.50041)#(169.99, 4.74, -843.26)#(0.12804, -0.70038, -0.49951, -0.49352)
(167.38, 2.00, -842.18)#(0.00000, 0.86579, 0.00000, 0.50041)#(170.07, 4.75, -843.34)#(0.13810, -0.69454, -0.47722, -0.52039)
(167.23, 2.00, -842.35)#(0.00000, 0.99479, 0.00000, 0.10194)#(170.16, 4.77, -843.43)#(0.14886, -0.68553, -0.45118, -0.55165)
(166.91, 2.08, -842.78)#(0.00000, 0.97717, 0.00000, -0.21246)#(170.22, 4.78, -843.50)#(0.15801, -0.67660, -0.43009, -0.57643)
(166.75, 2.09, -843.39)#(0.00000, 0.97890, 0.00000, -0.20433)#(170.29, 4.78, -843.57)#(0.16739, -0.66659, -0.40932, -0.60008)
(167.06, 2.10, -844.01)#(0.00000, 0.99925, 0.00000, 0.03869)#(170.36, 4.78, -843.62)#(0.17689, -0.65574, -0.38852, -0.62271)
(167.48, 2.12, -844.58)#(0.00000, 0.97492, 0.00000, 0.22258)#(170.42, 4.78, -843.68)#(0.18643, -0.64428, -0.36729, -0.64439)
(168.03, 2.08, -845.01)#(0.00000, 0.93652, 0.00000, 0.35061)#(170.50, 4.78, -843.74)#(0.19596, -0.63241, -0.34524, -0.66518)
(168.17, 2.07, -845.17)#(0.00000, 0.89057, 0.00000, 0.45485)#(170.57, 4.77, -843.79)#(0.20545, -0.62033, -0.32196, -0.68507)
(168.30, 2.08, -845.32)#(0.00000, 0.88432, 0.00000, 0.46688)#(170.66, 4.76, -843.85)#(0.21486, -0.60823, -0.29700, -0.70405)
(168.36, 2.09, -845.34)#(0.00000, 0.80633, 0.00000, 0.59146)#(170.75, 4.74, -843.91)#(0.22413, -0.59624, -0.26992, -0.72208)
(168.43, 2.10, -845.36)#(0.00000, 0.74869, 0.00000, 0.66292)#(170.85, 4.72, -843.97)#(0.23186, -0.58433, -0.24058, -0.73954)
(168.51, 2.12, -845.39)#(0.00000, 0.73624, 0.00000, 0.67672)#(170.97, 4.70, -844.04)#(0.23915, -0.57244, -0.20919, -0.75588)
(168.61, 2.13, -845.45)#(0.00000, 0.78173, 0.00000, 0.62362)#(171.09, 4.67, -844.11)#(0.24555, -0.56086, -0.17496, -0.77105)
(168.73, 2.14, -845.52)#(0.00000, 0.80684, 0.00000, 0.59076)#(171.23, 4.68, -844.21)#(0.24783, -0.54617, -0.13790, -0.78821)
(168.82, 2.14, -845.57)#(0.00000, 0.80176, 0.00000, 0.59765)#(171.34, 4.69, -844.30)#(0.25099, -0.53264, -0.10938, -0.80083)
(168.88, 2.15, -845.58)#(0.00000, 0.75820, 0.00000, 0.65202)#(171.44, 4.69, -844.39)#(0.25573, -0.51827, -0.08145, -0.81202)
(168.93, 2.15, -845.59)#(0.00000, 0.71234, 0.00000, 0.70184)#(171.53, 4.70, -844.48)#(0.26182, -0.50314, -0.05382, -0.82183)
(168.99, 2.16, -845.60)#(0.00000, 0.71418, 0.00000, 0.69996)#(171.61, 4.69, -844.57)#(0.26879, -0.48759, -0.02590, -0.83026)
(169.05, 2.16, -845.65)#(0.00000, 0.77323, 0.00000, 0.63413)#(171.70, 4.69, -844.67)#(0.27663, -0.47140, 0.00118, -0.83741)
(169.12, 2.15, -845.71)#(0.00000, 0.82000, 0.00000, 0.57237)#(171.78, 4.69, -844.77)#(0.28555, -0.45454, 0.02773, -0.84326)
(169.22, 2.11, -845.83)#(0.00000, 0.86641, 0.00000, 0.49933)#(171.86, 4.67, -844.88)#(0.29626, -0.43696, 0.05425, -0.84756)
(169.22, 1.93, -846.27)#(0.00000, 0.96786, 0.00000, 0.25147)#(171.93, 4.68, -844.99)#(0.30613, -0.41973, 0.08232, -0.85049)
(169.01, 1.65, -846.86)#(0.00000, 0.99973, 0.00000, -0.02339)#(172.00, 4.69, -845.10)#(0.31452, -0.40224, 0.10864, -0.85292)
(169.25, 1.59, -847.43)#(0.00000, 0.99954, 0.00000, 0.03034)#(172.05, 4.70, -845.21)#(0.32278, -0.38401, 0.13343, -0.85472)
(169.94, 1.67, -847.52)#(0.00000, 0.91061, 0.00000, 0.41327)#(172.10, 4.71, -845.31)#(0.33091, -0.36510, 0.15674, -0.85594)
(170.64, 1.57, -847.51)#(0.00000, 0.77196, 0.00000, 0.63567)#(172.14, 4.71, -845.42)#(0.33919, -0.34550, 0.17853, -0.85657)
(170.86, 1.47, -847.57)#(0.00000, 0.73604, 0.00000, 0.67694)#(172.20, 4.71, -845.54)#(0.34967, -0.32106, 0.20325, -0.85635)
(171.27, 1.40, -847.64)#(0.00000, 0.74536, 0.00000, 0.66666)#(172.24, 4.71, -845.64)#(0.35910, -0.29996, 0.22298, -0.85519)
(171.63, 1.48, -847.69)#(0.00000, 0.74710, 0.00000, 0.66471)#(172.37, 4.77, -845.67)#(0.35667, -0.26195, 0.23537, -0.86532)
(171.76, 1.52, -847.70)#(0.00000, 0.74710, 0.00000, 0.66471)#(172.51, 4.78, -845.66)#(0.35093, -0.22539, 0.24777, -0.87445)
(171.80, 1.53, -847.71)#(0.00000, 0.74710, 0.00000, 0.66471)#(172.63, 4.71, -845.64)#(0.34417, -0.19818, 0.26410, -0.87893)
(171.82, 1.53, -847.71)#(0.00000, 0.74710, 0.00000, 0.66471)#(172.74, 4.71, -845.62)#(0.33055, -0.18056, 0.28810, -0.88042)
(171.82, 1.53, -847.71)#(0.00000, 0.74710, 0.00000, 0.66471)#(172.83, 4.71, -845.60)#(0.31657, -0.16347, 0.31295, -0.88041)
(171.82, 1.53, -847.71)#(0.00000, 0.74710, 0.00000, 0.66471)#(172.92, 4.71, -845.59)#(0.30043, -0.14750, 0.33780, -0.87970)
(171.82, 1.53, -847.71)#(0.00000, 0.74710, 0.00000, 0.66471)#(173.01, 4.71, -845.56)#(0.28361, -0.13149, 0.36173, -0.87831)
(171.74, 1.51, -847.59)#(0.00000, 0.37655, 0.00000, 0.92640)#(173.10, 4.75, -845.53)#(0.26607, -0.11574, 0.38480, -0.87621)
(171.46, 1.47, -847.21)#(0.00000, 0.09718, 0.00000, -0.99527)#(173.18, 4.75, -845.49)#(0.24764, -0.10042, 0.40691, -0.87351)
(171.22, 1.52, -846.74)#(0.00000, 0.17922, 0.00000, -0.98381)#(173.27, 4.75, -845.45)#(0.22773, -0.08568, 0.42781, -0.87051)
(171.13, 1.61, -846.53)#(0.00000, 0.14345, 0.00000, -0.98966)#(173.35, 4.76, -845.41)#(0.20619, -0.07153, 0.44574, -0.86815)
(171.13, 1.63, -846.51)#(0.00000, 0.11680, 0.00000, 0.99316)#(173.42, 4.76, -845.37)#(0.18494, -0.05696, 0.46229, -0.86535)
(171.14, 1.63, -846.51)#(0.00000, 0.45833, 0.00000, 0.88878)#(173.50, 4.77, -845.31)#(0.15949, -0.03925, 0.48075, -0.86134)
(171.19, 1.65, -846.48)#(0.00000, 0.45756, 0.00000, 0.88918)#(173.56, 4.76, -845.26)#(0.13808, -0.02457, 0.49529, -0.85733)
(171.24, 1.68, -846.44)#(0.00000, 0.47149, 0.00000, 0.88187)#(173.62, 4.76, -845.21)#(0.11620, -0.01022, 0.50927, -0.85267)
(171.31, 1.87, -846.40)#(0.00000, 0.48128, 0.00000, 0.87657)#(173.68, 4.76, -845.15)#(0.09345, 0.00356, 0.52248, -0.84751)
(171.32, 2.11, -846.39)#(0.00000, 0.48149, 0.00000, 0.87645)#(173.74, 4.76, -845.09)#(0.06986, 0.01648, 0.53479, -0.84193)
(171.32, 2.33, -846.39)#(0.00000, 0.50319, 0.00000, 0.86418)#(173.79, 4.75, -845.02)#(0.04589, 0.02899, 0.54632, -0.83582)
(171.33, 2.63, -846.39)#(0.00000, 0.53247, 0.00000, 0.84645)#(173.85, 4.75, -844.95)#(0.02167, 0.04120, 0.55714, -0.82911)
(171.35, 2.86, -846.37)#(0.00000, 0.51352, 0.00000, 0.85808)#(173.90, 4.75, -844.87)#(-0.00297, 0.05297, 0.56749, -0.82167)
(171.43, 2.95, -846.33)#(0.00000, 0.50196, 0.00000, 0.86489)#(173.95, 4.74, -844.79)#(-0.02789, 0.06412, 0.57715, -0.81364)
(171.50, 2.88, -846.29)#(0.00000, 0.49727, 0.00000, 0.86759)#(174.01, 4.74, -844.72)#(-0.05258, 0.07496, 0.58571, -0.80533)
(171.58, 2.66, -846.23)#(0.00000, 0.48490, 0.00000, 0.87457)#(174.07, 4.74, -844.64)#(-0.07708, 0.08570, 0.59392, -0.79622)
(171.65, 2.27, -846.05)#(0.00000, 0.37773, 0.00000, 0.92591)#(174.14, 4.74, -844.54)#(-0.10597, 0.09858, 0.60384, -0.78386)
(171.62, 2.13, -845.66)#(0.00000, 0.14620, 0.00000, 0.98926)#(174.20, 4.73, -844.46)#(-0.12994, 0.10907, 0.61235, -0.77217)
(171.54, 2.08, -845.24)#(0.00000, 0.00169, 0.00000, 1.00000)#(174.27, 4.72, -844.37)#(-0.15402, 0.11859, 0.62009, -0.76007)
(171.38, 2.04, -844.65)#(0.00000, 0.08788, 0.00000, -0.99613)#(174.34, 4.74, -844.32)#(-0.17524, 0.12793, 0.62368, -0.75097)
(171.49, 2.05, -844.00)#(0.00000, 0.02809, 0.00000, -0.99961)#(174.41, 4.76, -844.28)#(-0.19302, 0.13993, 0.62625, -0.74228)
(171.69, 2.07, -843.84)#(0.00000, 0.34218, 0.00000, 0.93963)#(174.48, 4.76, -844.26)#(-0.20749, 0.15453, 0.62802, -0.73393)
(171.75, 2.07, -843.83)#(0.00000, 0.59886, 0.00000, 0.80086)#(174.55, 4.76, -844.26)#(-0.21869, 0.17169, 0.62916, -0.72585)
(171.86, 2.08, -843.69)#(0.00000, 0.50313, 0.00000, 0.86421)#(174.61, 4.76, -844.29)#(-0.22899, 0.18867, 0.62939, -0.71822)
(171.95, 2.07, -843.55)#(0.00000, 0.44038, 0.00000, 0.89781)#(174.66, 4.76, -844.33)#(-0.23707, 0.20710, 0.62693, -0.71264)
(172.00, 2.07, -843.55)#(0.00000, 0.60492, 0.00000, 0.79629)#(174.70, 4.76, -844.38)#(-0.24191, 0.22701, 0.62443, -0.70714)
(172.04, 2.07, -843.58)#(0.00000, 0.79342, 0.00000, 0.60867)#(174.73, 4.76, -844.43)#(-0.24604, 0.24694, 0.62226, -0.70091)
(172.07, 2.07, -843.63)#(0.00000, 0.88443, 0.00000, 0.46667)#(174.77, 4.76, -844.49)#(-0.25098, 0.27044, 0.61879, -0.69352)
(172.10, 2.07, -843.66)#(0.00000, 0.89983, 0.00000, 0.43624)#(174.79, 4.76, -844.53)#(-0.25489, 0.28984, 0.61541, -0.68724)
(172.13, 2.08, -843.72)#(0.00000, 0.92028, 0.00000, 0.39125)#(174.82, 4.76, -844.58)#(-0.25859, 0.30908, 0.61174, -0.68072)
(172.10, 2.08, -843.90)#(0.00000, 0.97029, 0.00000, 0.24193)#(174.85, 4.76, -844.62)#(-0.26193, 0.32817, 0.60822, -0.67362)
(171.69, 2.08, -844.19)#(0.00000, 0.98430, 0.00000, -0.17652)#(174.88, 4.76, -844.67)#(-0.26528, 0.34685, 0.60488, -0.66591)
(171.22, 2.03, -844.59)#(0.00000, 0.92456, 0.00000, -0.38104)#(174.91, 4.76, -844.70)#(-0.26868, 0.36510, 0.60174, -0.65759)
(171.75, 2.04, -844.97)#(0.00000, 0.99926, 0.00000, 0.03857)#(174.94, 4.76, -844.74)#(-0.27207, 0.38296, 0.59890, -0.64858)
(172.17, 2.06, -845.07)#(0.00000, 0.89595, 0.00000, 0.44415)#(174.98, 4.76, -844.77)#(-0.27543, 0.40042, 0.59635, -0.63888)
(172.22, 2.33, -845.08)#(0.00000, 0.78874, 0.00000, 0.61472)#(175.02, 4.76, -844.79)#(-0.27871, 0.41754, 0.59407, -0.62854)
(172.22, 2.47, -845.08)#(0.00000, 0.72844, 0.00000, 0.68511)#(175.06, 4.76, -844.82)#(-0.28186, 0.43430, 0.59219, -0.61745)
(172.22, 2.66, -845.09)#(0.00000, 0.71812, 0.00000, 0.69592)#(175.11, 4.76, -844.84)#(-0.28500, 0.45058, 0.59077, -0.60560)
(172.22, 2.94, -845.09)#(0.00000, 0.71308, 0.00000, 0.70108)#(175.16, 4.76, -844.86)#(-0.28801, 0.46649, 0.58966, -0.59308)
(172.25, 3.12, -845.09)#(0.00000, 0.70209, 0.00000, 0.71209)#(175.21, 4.76, -844.88)#(-0.29091, 0.48197, 0.58897, -0.57982)
(172.31, 3.14, -845.09)#(0.00000, 0.70989, 0.00000, 0.70432)#(175.26, 4.76, -844.89)#(-0.29357, 0.49714, 0.58860, -0.56588)
(172.37, 3.01, -845.10)#(0.00000, 0.73331, 0.00000, 0.67989)#(175.32, 4.75, -844.90)#(-0.29580, 0.51212, 0.58853, -0.55124)
(172.44, 2.73, -845.10)#(0.00000, 0.72353, 0.00000, 0.69029)#(175.41, 4.74, -844.91)#(-0.29761, 0.53007, 0.58883, -0.53267)
(172.58, 2.29, -845.10)#(0.00000, 0.70268, 0.00000, 0.71151)#(175.48, 4.74, -844.92)#(-0.29823, 0.54507, 0.58944, -0.51626)
(172.71, 2.08, -845.08)#(0.00000, 0.67960, 0.00000, 0.73359)#(175.56, 4.73, -844.93)#(-0.29816, 0.55930, 0.59141, -0.49852)
(172.80, 2.07, -845.06)#(0.00000, 0.66498, 0.00000, 0.74686)#(175.64, 4.73, -844.93)#(-0.29815, 0.57263, 0.59393, -0.48005)
(172.88, 2.07, -845.05)#(0.00000, 0.63523, 0.00000, 0.77232)#(175.72, 4.73, -844.93)#(-0.29806, 0.58529, 0.59670, -0.46103)
(172.97, 2.05, -845.04)#(0.00000, 0.65697, 0.00000, 0.75392)#(175.81, 4.72, -844.93)#(-0.29758, 0.59755, 0.59964, -0.44136)
(173.06, 2.04, -845.04)#(0.00000, 0.68156, 0.00000, 0.73176)#(175.90, 4.71, -844.92)#(-0.29657, 0.60952, 0.60271, -0.42103)
(173.17, 2.04, -845.04)#(0.00000, 0.69195, 0.00000, 0.72194)#(176.00, 4.70, -844.91)#(-0.29469, 0.62138, 0.60587, -0.39996)
(173.24, 2.04, -845.03)#(0.00000, 0.69487, 0.00000, 0.71913)#(176.10, 4.69, -844.90)#(-0.29221, 0.63270, 0.60938, -0.37811)
(173.31, 2.04, -845.03)#(0.00000, 0.69124, 0.00000, 0.72263)#(176.20, 4.71, -844.90)#(-0.29124, 0.64168, 0.61320, -0.35696)
(173.31, 2.04, -845.02)#(0.00000, 0.68583, 0.00000, 0.72776)#(176.28, 4.72, -844.90)#(-0.29122, 0.64996, 0.61577, -0.33699)
(173.31, 2.04, -845.02)#(0.00000, 0.69309, 0.00000, 0.72085)#(176.35, 4.73, -844.90)#(-0.29222, 0.65742, 0.61742, -0.31814)
(173.31, 2.04, -845.02)#(0.00000, 0.69902, 0.00000, 0.71510)#(176.42, 4.74, -844.90)#(-0.29426, 0.66416, 0.61811, -0.30042)
(173.31, 2.04, -845.01)#(0.00000, 0.67569, 0.00000, 0.73718)#(176.47, 4.75, -844.90)#(-0.29721, 0.67031, 0.61794, -0.28373)
(173.31, 2.04, -845.01)#(0.00000, 0.68223, 0.00000, 0.73114)#(176.52, 4.75, -844.90)#(-0.30096, 0.67599, 0.61694, -0.26802)
(173.31, 2.04, -845.00)#(0.00000, 0.68493, 0.00000, 0.72861)#(176.56, 4.75, -844.90)#(-0.30532, 0.68129, 0.61527, -0.25312)
(173.31, 2.04, -844.99)#(0.00000, 0.68575, 0.00000, 0.72783)#(176.59, 4.76, -844.90)#(-0.31012, 0.68631, 0.61297, -0.23887)
(173.31, 2.04, -844.99)#(0.00000, 0.68566, 0.00000, 0.72793)#(176.63, 4.76, -844.90)#(-0.31631, 0.69194, 0.60968, -0.22239)
(173.32, 2.03, -844.98)#(0.00000, 0.65721, 0.00000, 0.75371)#(176.66, 4.76, -844.90)#(-0.32178, 0.69629, 0.60656, -0.20910)
(173.32, 2.03, -844.97)#(0.00000, 0.67347, 0.00000, 0.73921)#(176.79, 4.83, -844.89)#(-0.34444, 0.69376, 0.60042, -0.19888)
(173.32, 2.03, -844.96)#(0.00000, 0.68203, 0.00000, 0.73132)#(177.27, 5.00, -844.90)#(-0.43349, 0.66055, 0.58003, -0.19833)
(173.32, 2.03, -844.95)#(0.00000, 0.68161, 0.00000, 0.73171)#(177.74, 5.05, -844.91)#(-0.51781, 0.62148, 0.55418, -0.19628)
(173.32, 2.03, -844.94)#(0.00000, 0.68172, 0.00000, 0.73161)#(178.20, 5.01, -844.93)#(-0.59692, 0.57687, 0.52334, -0.19243)
(173.47, 2.29, -844.92)#(0.00000, 0.68287, 0.00000, 0.73054)#(178.64, 4.90, -844.94)#(-0.66520, 0.53571, 0.48717, -0.18215)
(173.71, 2.41, -844.91)#(0.00000, 0.68397, 0.00000, 0.72951)#(178.92, 4.91, -844.96)#(-0.69952, 0.54202, 0.44263, -0.14481)
(174.14, 2.28, -844.93)#(0.00000, 0.70445, 0.00000, 0.70975)#(179.13, 4.92, -844.98)#(-0.71708, 0.56715, 0.39372, -0.09549)
(174.48, 2.22, -845.02)#(0.00000, 0.73434, 0.00000, 0.67879)#(179.34, 4.93, -845.02)#(-0.72970, 0.59012, 0.34236, -0.04570)
(174.99, 2.10, -845.11)#(0.00000, 0.75029, 0.00000, 0.66111)#(179.54, 4.92, -845.07)#(-0.73862, 0.61051, 0.28586, -0.00051)
(175.55, 2.07, -845.40)#(0.00000, 0.80664, 0.00000, 0.59104)#(179.74, 4.91, -845.13)#(-0.74356, 0.62797, 0.22600, 0.04120)
(176.13, 2.09, -845.82)#(0.00000, 0.86745, 0.00000, 0.49753)#(179.98, 4.90, -845.23)#(-0.74350, 0.64455, 0.15333, 0.09088)
(176.75, 2.11, -846.14)#(0.00000, 0.86496, 0.00000, 0.50184)#(180.16, 4.90, -845.33)#(-0.73962, 0.65420, 0.09065, 0.12950)
(177.44, 2.08, -846.32)#(0.00000, 0.83281, 0.00000, 0.55356)#(180.34, 4.94, -845.46)#(-0.73287, 0.65945, 0.02684, 0.16522)
(177.70, 2.12, -846.30)#(0.00000, 0.73334, 0.00000, 0.67986)#(180.51, 4.93, -845.59)#(-0.72334, 0.66041, -0.03724, 0.19810)
(177.82, 2.12, -846.27)#(0.00000, 0.66497, 0.00000, 0.74687)#(180.67, 4.92, -845.73)#(-0.71222, 0.65609, -0.10196, 0.22779)
(177.96, 2.12, -846.29)#(0.00000, 0.67546, 0.00000, 0.73740)#(180.84, 4.89, -845.88)#(-0.69968, 0.64666, -0.16821, 0.25297)
(178.10, 2.12, -846.33)#(0.00000, 0.73584, 0.00000, 0.67716)#(180.99, 4.86, -846.04)#(-0.68316, 0.63479, -0.23558, 0.27357)
(178.22, 2.10, -846.36)#(0.00000, 0.76567, 0.00000, 0.64324)#(181.11, 4.87, -846.19)#(-0.65554, 0.62821, -0.30436, 0.28806)
(178.29, 2.09, -846.49)#(0.00000, 0.85712, 0.00000, 0.51511)#(181.24, 4.87, -846.34)#(-0.62559, 0.61671, -0.37144, 0.30055)
(178.11, 1.96, -846.94)#(0.00000, 0.99343, 0.00000, 0.11448)#(181.37, 4.86, -846.48)#(-0.59379, 0.60016, -0.43676, 0.31059)
(177.80, 1.71, -847.50)#(0.00000, 0.99025, 0.00000, -0.13928)#(181.55, 4.84, -846.64)#(-0.55248, 0.57488, -0.51184, 0.31982)
(177.62, 1.59, -848.15)#(0.00000, 0.98431, 0.00000, -0.17644)#(181.70, 4.81, -846.78)#(-0.51340, 0.55167, -0.57308, 0.32197)
(178.00, 1.47, -848.74)#(0.00000, 0.99731, 0.00000, 0.07323)#(181.85, 4.83, -846.93)#(-0.46789, 0.53273, -0.62598, 0.32470)
(178.52, 1.46, -849.22)#(0.00000, 0.95905, 0.00000, 0.28323)#(181.99, 4.85, -847.07)#(-0.42047, 0.51207, -0.67325, 0.32822)
(179.19, 1.65, -849.45)#(0.00000, 0.90086, 0.00000, 0.43411)#(182.13, 4.86, -847.22)#(-0.37215, 0.48800, -0.71683, 0.33093)
(179.90, 1.62, -849.51)#(0.00000, 0.80853, 0.00000, 0.58846)#(182.26, 4.88, -847.36)#(-0.32237, 0.46261, -0.75568, 0.33320)
(180.60, 1.42, -849.50)#(0.00000, 0.74301, 0.00000, 0.66928)#(182.38, 4.89, -847.50)#(-0.27263, 0.43543, -0.78896, 0.33707)
(180.88, 1.43, -849.52)#(0.00000, 0.69757, 0.00000, 0.71651)#(182.50, 4.90, -847.65)#(-0.22393, 0.40496, -0.81773, 0.34232)
(180.91, 1.44, -849.53)#(0.00000, 0.65781, 0.00000, 0.75319)#(182.62, 4.89, -847.80)#(-0.17693, 0.36981, -0.84300, 0.34826)
(180.95, 1.45, -849.54)#(0.00000, 0.65013, 0.00000, 0.75983)#(182.73, 4.89, -847.96)#(-0.12941, 0.33388, -0.86488, 0.35179)
(181.13, 2.03, -849.53)#(0.00000, 0.66748, 0.00000, 0.74463)#(182.93, 5.09, -847.99)#(-0.07821, 0.31135, -0.88657, 0.33307)
(181.65, 2.66, -849.49)#(0.00000, 0.67487, 0.00000, 0.73794)#(183.44, 5.56, -847.77)#(-0.01904, 0.30012, -0.90585, 0.29832)
(182.28, 3.12, -849.44)#(0.00000, 0.67771, 0.00000, 0.73533)#(184.01, 5.96, -847.51)#(0.04604, 0.28542, -0.91799, 0.27149)
(182.97, 3.43, -849.40)#(0.00000, 0.67952, 0.00000, 0.73366)#(184.69, 6.32, -847.21)#(0.12336, 0.26589, -0.92608, 0.23760)
(183.22, 3.54, -849.44)#(0.00000, 0.68923, 0.00000, 0.72454)#(185.27, 6.51, -846.96)#(0.18675, 0.24818, -0.92747, 0.20814)
(183.33, 3.54, -849.45)#(0.00000, 0.68923, 0.00000, 0.72454)#(185.84, 6.60, -846.71)#(0.24886, 0.22927, -0.92407, 0.17775)
(183.37, 3.40, -849.45)#(0.00000, 0.68923, 0.00000, 0.72454)#(186.41, 6.59, -846.46)#(0.30940, 0.20928, -0.91596, 0.14660)
(183.32, 3.10, -849.23)#(0.00000, 0.35656, 0.00000, 0.93427)#(186.98, 6.48, -846.21)#(0.36806, 0.18833, -0.90325, 0.11487)
(183.34, 2.64, -848.70)#(0.00000, 0.09646, 0.00000, 0.99534)#(187.55, 6.28, -845.95)#(0.42459, 0.16655, -0.88608, 0.08272)
(183.51, 2.14, -848.08)#(0.00000, 0.09777, 0.00000, 0.99521)#(188.12, 5.97, -845.70)#(0.47873, 0.14405, -0.86460, 0.05032)
(183.69, 2.11, -847.42)#(0.00000, 0.12179, 0.00000, 0.99256)#(188.70, 5.57, -845.45)#(0.53024, 0.12095, -0.83898, 0.01783)
(184.00, 2.07, -846.79)#(0.00000, 0.17202, 0.00000, 0.98509)#(189.27, 5.07, -845.20)#(0.57893, 0.09737, -0.80941, -0.01458)
(184.52, 2.25, -846.29)#(0.00000, 0.30182, 0.00000, 0.95336)#(189.75, 5.12, -845.01)#(0.62563, 0.07599, -0.77026, -0.09749)
(185.04, 2.28, -845.81)#(0.00000, 0.37236, 0.00000, 0.92809)#(190.22, 5.12, -844.82)#(0.66484, 0.05428, -0.72285, -0.18037)
(185.56, 2.27, -845.33)#(0.00000, 0.39402, 0.00000, 0.91910)#(190.70, 5.13, -844.64)#(0.69639, 0.03259, -0.66839, -0.25931)
(186.08, 2.25, -844.86)#(0.00000, 0.40068, 0.00000, 0.91622)#(191.17, 5.13, -844.45)#(0.72006, 0.01139, -0.60728, -0.33557)
(186.67, 2.25, -844.48)#(0.00000, 0.43749, 0.00000, 0.89922)#(191.64, 5.13, -844.26)#(0.73632, -0.01127, -0.54038, -0.40706)
(187.37, 2.24, -844.36)#(0.00000, 0.55526, 0.00000, 0.83168)#(192.11, 5.15, -844.08)#(0.74421, -0.03236, -0.46907, -0.47443)
(188.08, 2.26, -844.44)#(0.00000, 0.68191, 0.00000, 0.73143)#(192.57, 5.13, -843.89)#(0.74527, -0.05343, -0.39360, -0.53554)
(188.77, 2.27, -844.38)#(0.00000, 0.70375, 0.00000, 0.71045)#(193.04, 5.09, -843.71)#(0.74071, -0.07463, -0.31530, -0.58852)
(189.15, 2.26, -844.26)#(0.00000, 0.70375, 0.00000, 0.71045)#(193.52, 5.10, -843.55)#(0.73000, -0.09414, -0.23578, -0.63454)
(189.29, 2.25, -844.22)#(0.00000, 0.70375, 0.00000, 0.71045)#(194.08, 5.15, -843.37)#(0.70820, -0.11772, -0.13682, -0.68255)
(189.34, 2.25, -844.20)#(0.00000, 0.70375, 0.00000, 0.71045)#(194.53, 5.14, -843.23)#(0.68412, -0.13770, -0.05182, -0.71438)
(189.57, 2.24, -844.21)#(0.00000, 0.69919, 0.00000, 0.71494)#(194.99, 5.15, -843.08)#(0.65328, -0.15720, 0.03397, -0.73984)
(190.09, 2.27, -844.23)#(0.00000, 0.71375, 0.00000, 0.70040)#(195.43, 5.15, -842.94)#(0.61579, -0.17514, 0.11842, -0.75901)
(190.74, 2.26, -844.29)#(0.00000, 0.72813, 0.00000, 0.68543)#(195.88, 5.13, -842.79)#(0.57565, -0.19001, 0.20032, -0.76968)
(191.42, 2.27, -844.38)#(0.00000, 0.74317, 0.00000, 0.66910)#(196.33, 5.06, -842.64)#(0.53163, -0.20569, 0.28390, -0.77101)
(192.11, 2.29, -844.51)#(0.00000, 0.75814, 0.00000, 0.65209)#(196.77, 4.97, -842.48)#(0.48067, -0.22206, 0.36609, -0.76526)
(192.81, 2.30, -844.67)#(0.00000, 0.77281, 0.00000, 0.63463)#(197.22, 4.90, -842.31)#(0.42361, -0.23726, 0.44453, -0.75277)
(193.47, 2.27, -844.94)#(0.00000, 0.79939, 0.00000, 0.60081)#(197.65, 4.85, -842.13)#(0.35886, -0.25549, 0.51806, -0.73318)
(193.59, 2.30, -845.58)#(0.00000, 0.93147, 0.00000, 0.36381)#(198.07, 4.81, -841.94)#(0.28489, -0.27725, 0.58359, -0.70809)
(193.30, 2.28, -846.23)#(0.00000, 0.99999, 0.00000, -0.00408)#(198.47, 4.72, -841.73)#(0.20853, -0.29719, 0.64467, -0.67276)
(193.39, 2.29, -846.79)#(0.00000, 0.99850, 0.00000, -0.05482)#(198.87, 4.55, -841.52)#(0.13013, -0.31489, 0.69943, -0.62825)
(193.45, 2.28, -847.00)#(0.00000, 0.99850, 0.00000, -0.05482)#(199.26, 4.27, -841.31)#(0.05070, -0.32905, 0.74619, -0.57650)
(193.48, 2.28, -847.08)#(0.00000, 0.99850, 0.00000, -0.05482)#(199.69, 4.14, -841.15)#(-0.01682, -0.33416, 0.78168, -0.52634)
(193.48, 2.28, -847.10)#(0.00000, 0.99850, 0.00000, -0.05482)#(200.14, 4.09, -841.02)#(-0.07476, -0.33074, 0.81112, -0.47656)
(193.49, 2.28, -847.11)#(0.00000, 0.99850, 0.00000, -0.05482)#(200.66, 3.93, -840.87)#(-0.14274, -0.32025, 0.84210, -0.40980)
(193.58, 2.28, -847.07)#(0.00000, 0.98129, 0.00000, 0.19254)#(201.11, 3.71, -840.74)#(-0.19803, -0.30587, 0.86419, -0.34699)
(193.93, 2.29, -846.76)#(0.00000, 0.70068, 0.00000, 0.71348)#(201.55, 3.41, -840.60)#(-0.25158, -0.28684, 0.88140, -0.27852)
(194.47, 2.29, -846.91)#(0.00000, 0.67869, 0.00000, 0.73443)#(135.18, 3.76, -775.25)#(-0.29248, -0.26975, 0.88995, -0.22288)
(194.71, 2.27, -847.33)#(0.00000, 0.72652, 0.00000, 0.68714)#(135.19, 3.70, -775.26)#(-0.29150, -0.27186, 0.88885, -0.22598)
(194.79, 2.29, -847.48)#(0.00000, 0.72652, 0.00000, 0.68714)#(135.20, 3.54, -775.26)#(-0.29052, -0.27395, 0.88774, -0.22906)
(194.82, 2.29, -847.54)#(0.00000, 0.72652, 0.00000, 0.68714)#(135.21, 3.29, -775.27)#(-0.28954, -0.27603, 0.88662, -0.23212)
(194.83, 2.30, -847.56)#(0.00000, 0.72652, 0.00000, 0.68714)#(135.22, 3.29, -775.27)#(-0.28994, -0.27425, 0.88766, -0.22975)
(194.67, 2.29, -847.56)#(0.00000, 0.99230, 0.00000, 0.12382)#(135.23, 3.29, -775.27)#(-0.29034, -0.27247, 0.88869, -0.22737)
(194.17, 2.29, -847.58)#(0.00000, 0.90713, 0.00000, -0.42085)#(135.23, 3.29, -775.27)#(-0.29082, -0.27033, 0.88991, -0.22452)
(193.86, 2.28, -847.60)#(0.00000, 0.90713, 0.00000, -0.42085)#(135.24, 3.29, -775.27)#(-0.29122, -0.26854, 0.89091, -0.22215)
(193.75, 2.31, -847.61)#(0.00000, 0.90713, 0.00000, -0.42085)#(135.25, 3.29, -775.28)#(-0.29161, -0.26676, 0.89191, -0.21978)
(193.72, 3.05, -847.61)#(0.00000, 0.90713, 0.00000, -0.42085)#(135.25, 3.29, -775.28)#(-0.29200, -0.26497, 0.89289, -0.21741)
(193.70, 3.63, -847.61)#(0.00000, 0.90713, 0.00000, -0.42085)#(135.26, 3.29, -775.28)#(-0.29239, -0.26319, 0.89387, -0.21504)
(193.70, 4.06, -847.61)#(0.00000, 0.90713, 0.00000, -0.42085)#(135.27, 3.29, -775.28)#(-0.29278, -0.26140, 0.89483, -0.21267)
(193.70, 4.33, -847.61)#(0.00000, 0.90713, 0.00000, -0.42085)#(135.27, 3.29, -775.29)#(-0.29316, -0.25962, 0.89578, -0.21030)
(193.70, 4.44, -847.61)#(0.00000, 0.90713, 0.00000, -0.42085)#(135.28, 3.29, -775.29)#(-0.29354, -0.25783, 0.89673, -0.20794)
(193.70, 4.38, -847.61)#(0.00000, 0.90713, 0.00000, -0.42085)#(135.28, 3.29, -775.29)#(-0.29399, -0.25569, 0.89785, -0.20510)
(193.70, 4.18, -847.61)#(0.00000, 0.90713, 0.00000, -0.42085)#(135.29, 3.29, -775.29)#(-0.29436, -0.25391, 0.89877, -0.20274)
(193.70, 3.81, -847.61)#(0.00000, 0.90713, 0.00000, -0.42085)#(135.30, 3.29, -775.29)#(-0.29473, -0.25212, 0.89968, -0.20038)
(193.70, 3.30, -847.61)#(0.00000, 0.90713, 0.00000, -0.42085)#(135.30, 3.29, -775.30)#(-0.29523, -0.25094, 0.90041, -0.19783)
(193.70, 2.63, -847.61)#(0.00000, 0.90713, 0.00000, -0.42085)#(135.31, 3.29, -775.29)#(-0.29598, -0.25090, 0.90081, -0.19490)
(193.70, 2.27, -847.61)#(0.00000, 0.90713, 0.00000, -0.42085)#(135.32, 3.29, -775.29)#(-0.29674, -0.25092, 0.90119, -0.19195)
(193.70, 2.27, -847.61)#(0.00000, 0.90713, 0.00000, -0.42085)#(135.32, 3.29, -775.29)#(-0.29750, -0.25093, 0.90156, -0.18901)
(193.70, 2.27, -847.61)#(0.00000, 0.90713, 0.00000, -0.42085)#(135.33, 3.29, -775.29)#(-0.29800, -0.25124, 0.90173, -0.18698)
(193.70, 2.27, -847.61)#(0.00000, 0.90713, 0.00000, -0.42085)#(135.33, 3.29, -775.29)#(-0.29808, -0.25205, 0.90159, -0.18645)
(193.70, 2.27, -847.61)#(0.00000, 0.90713, 0.00000, -0.42085)#(135.32, 3.29, -775.28)#(-0.29761, -0.25367, 0.90100, -0.18782)
(193.70, 2.27, -847.61)#(0.00000, 0.90713, 0.00000, -0.42085)#(135.32, 3.29, -775.28)#(-0.29686, -0.25545, 0.90023, -0.19025)
(193.70, 2.27, -847.61)#(0.00000, 0.90713, 0.00000, -0.42085)#(135.31, 3.29, -775.28)#(-0.29610, -0.25725, 0.89945, -0.19273)
(193.70, 2.27, -847.61)#(0.00000, 0.90713, 0.00000, -0.42085)#(135.30, 3.29, -775.28)#(-0.29533, -0.25904, 0.89865, -0.19521)
(193.70, 2.27, -847.61)#(0.00000, 0.90713, 0.00000, -0.42085)#(135.30, 3.29, -775.28)#(-0.29455, -0.26082, 0.89785, -0.19768)
(193.70, 2.27, -847.61)#(0.00000, 0.90713, 0.00000, -0.42085)#(135.29, 3.29, -775.27)#(-0.29378, -0.26260, 0.89704, -0.20015)
(193.70, 2.27, -847.61)#(0.00000, 0.90713, 0.00000, -0.42085)#(135.28, 3.29, -775.27)#(-0.29301, -0.26438, 0.89621, -0.20261)
(193.70, 2.27, -847.61)#(0.00000, 0.90713, 0.00000, -0.42085)#(135.28, 3.29, -775.27)#(-0.29223, -0.26615, 0.89539, -0.20507)
(193.70, 2.27, -847.61)#(0.00000, 0.90713, 0.00000, -0.42085)#(135.27, 3.29, -775.27)#(-0.29145, -0.26791, 0.89455, -0.20752)
(193.70, 2.27, -847.61)#(0.00000, 0.90713, 0.00000, -0.42085)#(135.26, 3.29, -775.27)#(-0.29067, -0.26967, 0.89370, -0.20996)
(193.70, 2.27, -847.61)#(0.00000, 0.90713, 0.00000, -0.42085)#(135.26, 3.29, -775.27)#(-0.28974, -0.27177, 0.89268, -0.21289)
(193.70, 2.27, -847.61)#(0.00000, 0.90713, 0.00000, -0.42085)#(135.25, 3.29, -775.26)#(-0.28896, -0.27352, 0.89181, -0.21532)
(193.70, 2.27, -847.61)#(0.00000, 0.90713, 0.00000, -0.42085)#(135.24, 3.29, -775.26)#(-0.28817, -0.27526, 0.89094, -0.21775)
(193.70, 2.27, -847.61)#(0.00000, 0.90713, 0.00000, -0.42085)#(135.24, 3.29, -775.26)#(-0.28739, -0.27699, 0.89006, -0.22017)
(193.70, 2.27, -847.61)#(0.00000, 0.90713, 0.00000, -0.42085)#(135.23, 3.29, -775.26)#(-0.28660, -0.27872, 0.88917, -0.22259)
(193.70, 2.27, -847.61)#(0.00000, 0.90713, 0.00000, -0.42085)#(135.22, 3.29, -775.26)#(-0.28582, -0.28045, 0.88828, -0.22500)
(193.70, 2.27, -847.61)#(0.00000, 0.90713, 0.00000, -0.42085)#(135.22, 3.29, -775.25)#(-0.28503, -0.28217, 0.88737, -0.22740)
(193.70, 2.27, -847.61)#(0.00000, 0.90713, 0.00000, -0.42085)#(135.21, 3.29, -775.25)#(-0.28424, -0.28391, 0.88645, -0.22982)
